1 34 46
1 335 12
1 461 37
1 514 15
2 577 29
2 723 38
2 571 28
2 78 46
3 172 48
3 576 10
3 129 45
3 642 0
4 313 20
4 424 3
4 518 -2
4 542 12
5 298 1
5 544 29
5 273 16
5 696 17
6 336 9
6 640 8
6 82 7
6 435 0
7 301 34
7 201 -1
7 278 41
7 90 50
8 466 -9
8 308 25
8 226 -2
8 296 9
9 527 39
9 427 32
9 647 -5
9 270 48
10 566 -7
10 17 45
10 169 0
10 195 28
11 511 17
11 435 -8
11 702 38
11 434 21
12 307 30
12 446 -6
12 323 12
12 115 46
13 149 12
13 37 42
13 165 41
13 602 9
14 69 -6
14 567 -4
14 565 -4
14 328 2
15 45 -3
15 476 46
15 89 18
15 326 1
16 190 3
16 202 14
16 677 28
16 427 0
17 565 -1
17 609 27
17 651 22
17 49 38
18 584 41
18 660 13
18 592 -4
18 441 -10
19 134 20
19 8 3
19 610 16
19 262 -1
20 33 -8
20 201 5
20 454 46
20 5 34
21 286 -5
21 239 5
21 122 0
21 621 50
22 27 28
22 131 9
22 196 -4
22 529 -2
23 390 48
23 360 24
23 337 50
23 147 13
24 465 37
24 698 20
24 362 25
24 239 16
25 675 21
25 451 5
25 413 37
25 343 -4
26 97 19
26 396 30
26 708 12
26 40 33
27 654 29
27 282 18
27 495 37
27 570 20
28 671 42
28 662 15
28 368 11
28 608 12
29 506 16
29 475 31
29 328 24
29 282 44
30 585 44
30 218 19
30 186 49
30 169 26
31 680 18
31 111 40
31 371 47
31 230 19
32 669 28
32 100 21
32 375 21
32 128 14
33 635 17
33 427 -5
33 442 4
33 356 30
34 14 -9
34 357 39
34 543 19
34 578 -10
35 86 -3
35 249 15
35 456 6
35 287 38
36 517 3
36 132 31
36 350 45
36 496 43
37 184 31
37 466 20
37 229 36
37 40 7
38 512 33
38 518 47
38 576 37
38 574 42
39 444 23
39 181 -4
39 330 13
39 572 48
40 327 0
40 237 33
40 679 37
40 316 37
41 398 -8
41 564 50
41 552 -10
41 572 42
42 179 9
42 612 -5
42 592 14
42 303 15
43 271 -7
43 109 -8
43 528 -2
43 77 -9
44 124 48
44 414 35
44 296 14
44 189 -2
45 595 47
45 218 26
45 117 16
45 69 34
46 377 23
46 260 -2
46 342 9
46 485 43
47 369 4
47 295 -10
47 271 44
47 523 32
48 73 20
48 394 50
48 514 7
48 656 32
49 655 29
49 298 15
49 571 18
49 728 43
50 172 -3
50 272 -10
50 225 -7
50 670 9
51 242 10
51 208 22
51 628 45
51 317 22
52 2 3
52 136 21
52 667 7
52 63 25
53 664 31
53 92 37
53 80 16
53 671 7
54 617 19
54 240 32
54 591 15
54 332 15
55 721 24
55 465 49
55 250 27
55 544 20
56 674 49
56 612 43
56 246 -1
56 582 -1
57 425 13
57 8 42
57 367 47
57 687 3
58 317 27
58 302 28
58 494 36
58 539 5
59 433 11
59 434 22
59 34 -6
59 394 6
60 556 32
60 96 4
60 516 44
60 633 43
61 639 37
61 365 -7
61 150 9
61 531 45
62 630 31
62 4 19
62 586 33
62 685 39
63 724 2
63 369 10
63 299 40
63 71 20
64 330 44
64 404 14
64 182 -3
64 459 46
65 130 25
65 595 37
65 678 6
65 114 -8
66 183 18
66 542 43
66 465 -4
66 414 33
67 237 21
67 186 37
67 344 25
67 551 39
68 671 24
68 686 23
68 335 32
68 247 11
69 632 47
69 713 42
69 305 46
69 727 -3
70 23 5
70 274 42
70 5 50
70 618 22
71 198 44
71 187 -7
71 556 1
71 123 5
72 399 37
72 526 37
72 178 24
72 702 11
73 542 43
73 411 -4
73 527 37
73 585 44
74 108 14
74 343 37
74 297 1
74 124 -7
75 662 34
75 402 48
75 207 6
75 349 35
76 630 8
76 137 50
76 678 45
76 272 38
77 248 48
77 222 26
77 99 31
77 146 2
78 340 10
78 39 6
78 653 42
78 192 38
79 558 41
79 113 32
79 478 24
79 592 37
80 214 4
80 13 5
80 321 11
80 331 -1
81 3 42
81 530 42
81 361 -7
81 308 14
82 571 -4
82 156 -5
82 288 37
82 281 34
83 479 37
83 710 7
83 473 43
83 394 27
84 256 -5
84 200 -2
84 353 42
84 727 25
85 425 38
85 156 1
85 663 47
85 401 -6
86 641 2
86 484 -5
86 87 50
86 71 -8
87 308 30
87 348 -10
87 468 18
87 626 40
88 538 17
88 414 33
88 426 9
88 252 36
89 709 33
89 418 28
89 352 50
89 64 -9
90 2 45
90 177 0
90 102 26
90 66 31
91 560 49
91 342 6
91 237 31
91 151 10
92 448 -7
92 358 19
92 512 49
92 228 39
93 178 19
93 674 48
93 134 24
93 411 18
94 560 48
94 13 42
94 157 11
94 586 39
95 21 1
95 355 7
95 662 38
95 274 -1
96 500 -4
96 571 36
96 489 9
96 196 11
97 87 37
97 315 35
97 418 33
97 715 48
98 454 14
98 485 8
98 11 33
98 171 9
99 157 39
99 717 10
99 290 6
99 609 43
100 195 1
100 379 17
100 167 41
100 402 26
101 312 10
101 725 33
101 466 45
101 402 21
102 397 47
102 314 -2
102 118 46
102 601 12
103 45 40
103 472 20
103 727 34
103 449 -7
104 411 42
104 212 48
104 223 -9
104 227 37
105 184 23
105 98 -10
105 453 50
105 4 -3
106 255 31
106 506 10
106 690 40
106 164 16
107 250 17
107 92 48
107 418 34
107 58 15
108 629 26
108 26 9
108 44 30
108 134 35
109 361 9
109 132 48
109 563 -10
109 2 33
110 529 42
110 324 32
110 286 49
110 413 -7
111 725 4
111 726 48
111 202 13
111 432 32
112 559 14
112 17 32
112 407 46
112 388 25
113 399 -7
113 581 14
113 546 24
113 650 30
114 274 44
114 40 15
114 355 12
114 311 1
115 330 22
115 260 10
115 326 -9
115 493 4
116 590 44
116 668 36
116 408 42
116 216 -6
117 677 2
117 493 13
117 687 6
117 177 35
118 463 19
118 40 49
118 221 42
118 139 23
119 362 35
119 569 50
119 702 9
119 638 1
120 576 -1
120 506 -8
120 551 20
120 190 -1
121 685 34
121 534 18
121 98 -10
121 474 -6
122 521 26
122 318 47
122 645 10
122 75 50
123 9 33
123 126 36
123 281 0
123 147 9
124 226 0
124 281 10
124 92 -9
124 12 1
125 208 3
125 173 0
125 718 -4
125 324 31
126 355 26
126 381 38
126 428 -8
126 313 23
127 211 25
127 475 19
127 528 25
127 473 44
128 8 27
128 324 47
128 5 -9
128 515 8
129 207 43
129 715 37
129 712 48
129 333 43
130 100 41
130 61 5
130 560 0
130 163 -8
131 416 32
131 423 -7
131 142 -3
131 529 28
132 59 17
132 241 41
132 310 31
132 341 -9
133 570 28
133 347 19
133 650 42
133 585 21
134 321 47
134 523 -4
134 192 -2
134 437 -3
135 694 6
135 451 37
135 185 -5
135 345 13
136 683 43
136 228 47
136 682 25
136 57 18
137 508 8
137 147 -5
137 230 18
137 318 44
138 182 5
138 631 16
138 361 -5
138 671 36
139 502 33
139 518 18
139 382 17
139 106 0
140 183 28
140 727 -8
140 104 31
140 168 49
141 298 9
141 452 -8
141 575 18
141 218 27
142 213 21
142 577 15
142 361 50
142 630 19
143 678 8
143 4 -10
143 171 -9
143 373 32
144 209 10
144 436 -2
144 500 49
144 208 -2
145 658 50
145 273 4
145 498 3
145 643 35
146 16 0
146 173 0
146 674 -5
146 588 40
147 226 26
147 514 27
147 660 -6
147 605 22
148 157 4
148 398 -4
148 25 34
148 562 24
149 66 4
149 306 -2
149 160 1
149 121 26
150 673 21
150 516 50
150 470 41
150 650 26
151 32 16
151 483 22
151 267 41
151 499 10
152 87 -10
152 706 26
152 24 8
152 527 44
153 250 26
153 546 46
153 138 6
153 204 4
154 56 21
154 568 1
154 536 22
154 290 33
155 428 49
155 506 36
155 487 46
155 178 28
156 473 7
156 421 23
156 715 -5
156 607 -10
157 161 -9
157 458 26
157 107 10
157 262 39
158 502 48
158 275 0
158 220 25
158 370 14
159 229 25
159 279 29
159 577 47
159 533 25
160 162 -8
160 248 13
160 451 43
160 679 36
161 36 23
161 185 -5
161 237 -1
161 218 50
162 637 -4
162 681 15
162 673 47
162 342 29
163 410 25
163 272 7
163 250 2
163 325 20
164 24 1
164 706 35
164 139 7
164 168 14
165 667 50
165 385 4
165 233 18
165 90 24
166 675 31
166 343 41
166 5 3
166 657 9
167 596 47
167 591 5
167 285 0
167 581 43
168 75 35
168 728 25
168 66 11
168 343 2
169 176 24
169 316 7
169 434 31
169 704 -7
170 116 2
170 513 22
170 606 32
170 105 -10
171 314 35
171 230 41
171 351 6
171 8 -3
172 9 41
172 364 45
172 200 1
172 723 31
173 621 3
173 287 15
173 263 14
173 534 -5
174 550 -5
174 434 26
174 210 10
174 470 15
175 101 38
175 533 49
175 485 32
175 392 26
176 139 48
176 625 47
176 521 44
176 321 33
177 503 39
177 541 16
177 157 38
177 314 41
178 495 35
178 396 19
178 11 19
178 251 7
179 320 12
179 213 -8
179 190 25
179 309 14
180 644 17
180 109 2
180 72 14
180 107 12
181 16 36
181 263 36
181 460 34
181 583 28
182 305 32
182 389 17
182 223 18
182 380 46
183 371 21
183 165 22
183 32 46
183 591 13
184 380 31
184 572 22
184 415 11
184 89 -6
185 357 10
185 596 3
185 485 -10
185 327 35
186 277 9
186 558 46
186 19 7
186 697 34
187 474 23
187 157 -7
187 58 21
187 268 -9
188 575 38
188 83 18
188 426 9
188 52 16
189 360 27
189 36 31
189 519 44
189 238 49
190 201 11
190 531 30
190 15 -7
190 353 45
191 468 8
191 441 -1
191 513 -6
191 446 -5
192 266 25
192 465 40
192 93 48
192 35 39
193 203 30
193 254 38
193 119 -1
193 336 34
194 414 6
194 481 40
194 600 6
194 543 5
195 249 18
195 317 36
195 682 34
195 645 -3
196 707 24
196 122 6
196 380 50
196 285 3
197 56 43
197 217 -1
197 282 49
197 656 28
198 378 27
198 101 17
198 517 17
198 716 48
199 50 33
199 80 49
199 519 22
199 399 30
200 567 24
200 424 28
200 1 7
200 191 32
201 457 33
201 403 45
201 103 25
201 474 22
202 21 9
202 51 -1
202 671 -7
202 712 1
203 275 7
203 196 34
203 410 48
203 564 9
204 522 40
204 471 45
204 11 4
204 187 5
205 551 47
205 269 21
205 624 41
205 523 2
206 667 48
206 133 22
206 652 14
206 420 25
207 159 19
207 481 18
207 355 30
207 399 12
208 432 -4
208 220 42
208 97 9
208 328 -4
209 551 -10
209 438 -6
209 611 47
209 690 -7
210 329 -8
210 713 6
210 611 4
210 245 23
211 710 35
211 674 50
211 625 41
211 488 19
212 488 16
212 195 -10
212 2 20
212 84 14
213 475 13
213 110 10
213 87 18
213 668 29
214 66 35
214 270 2
214 73 50
214 473 41
215 248 40
215 558 46
215 104 15
215 543 22
216 13 21
216 305 20
216 152 34
216 192 28
217 392 35
217 522 21
217 125 46
217 487 23
218 325 7
218 74 35
218 314 46
218 124 43
219 127 31
219 524 27
219 504 21
219 489 24
220 617 38
220 133 7
220 191 20
220 570 37
221 209 31
221 131 48
221 536 42
221 159 12
222 232 -1
222 117 7
222 409 23
222 360 12
223 583 13
223 314 6
223 355 30
223 521 49
224 637 -4
224 726 41
224 611 3
224 74 34
225 271 1
225 626 14
225 612 37
225 489 38
226 254 40
226 202 46
226 84 27
226 574 27
227 585 18
227 5 34
227 558 38
227 246 12
228 340 23
228 117 -5
228 184 17
228 681 1
229 541 46
229 233 35
229 570 16
229 622 6
230 302 46
230 121 18
230 504 19
230 73 3
231 482 -3
231 214 42
231 281 2
231 658 18
232 597 -6
232 396 30
232 399 19
232 460 25
233 269 -5
233 343 -1
233 436 21
233 137 1
234 499 -2
234 109 27
234 724 17
234 252 28
235 267 20
235 200 28
235 104 34
235 728 32
236 676 32
236 162 0
236 724 12
236 141 6
237 138 50
237 629 5
237 584 -1
237 323 10
238 415 20
238 461 22
238 693 0
238 356 45
239 77 46
239 303 -2
239 529 15
239 41 20
240 433 15
240 306 47
240 646 40
240 649 -1
241 296 24
241 448 44
241 44 -8
241 152 14
242 238 36
242 560 -5
242 70 15
242 592 36
243 325 17
243 9 47
243 190 12
243 171 37
244 605 37
244 290 6
244 167 11
244 283 27
245 161 28
245 387 25
245 150 49
245 51 -1
246 516 10
246 233 16
246 167 23
246 348 31
247 676 36
247 667 12
247 270 31
247 120 -10
248 608 -3
248 585 34
248 55 33
248 641 5
249 389 -7
249 325 11
249 346 13
249 52 49
250 627 19
250 268 -8
250 100 -5
250 452 7
251 7 19
251 662 40
251 647 11
251 145 40
252 461 50
252 583 15
252 457 -8
252 591 -3
253 555 1
253 59 -2
253 332 14
253 560 -8
254 620 20
254 392 -9
254 651 -5
254 473 -7
255 221 0
255 380 50
255 454 19
255 269 48
256 399 21
256 202 19
256 662 46
256 434 43
257 396 25
257 20 33
257 357 33
257 470 7
258 584 30
258 190 28
258 181 33
258 227 44
259 55 24
259 578 22
259 74 -6
259 684 2
260 392 47
260 59 5
260 49 14
260 552 15
261 404 -2
261 401 43
261 81 25
261 286 9
262 521 32
262 442 5
262 355 9
262 78 -3
263 421 2
263 21 8
263 86 -6
263 507 29
264 587 47
264 286 -2
264 408 36
264 383 4
265 55 39
265 168 -9
265 157 1
265 288 -1
266 709 1
266 151 23
266 138 49
266 428 20
267 348 20
267 86 2
267 424 44
267 248 35
268 410 -5
268 585 -1
268 594 -7
268 285 18
269 227 13
269 336 46
269 414 -1
269 462 28
270 409 44
270 163 2
270 291 -6
270 153 28
271 198 45
271 367 -4
271 445 25
271 554 21
272 101 12
272 95 2
272 274 -10
272 154 45
273 471 8
273 650 -1
273 305 18
273 627 45
274 64 42
274 694 -5
274 613 14
274 418 -6
275 671 47
275 321 46
275 564 25
275 185 30
276 290 8
276 512 8
276 434 15
276 291 45
277 603 3
277 581 34
277 93 10
277 633 13
278 255 30
278 724 39
278 637 37
278 536 45
279 148 50
279 406 47
279 136 1
279 143 5
280 300 44
280 393 22
280 495 39
280 371 3
281 193 10
281 368 8
281 238 12
281 9 -5
282 727 3
282 302 24
282 28 -4
282 299 -6
283 549 41
283 683 26
283 284 -1
283 445 30
284 71 11
284 135 9
284 32 -8
284 312 27
285 582 16
285 655 41
285 203 28
285 266 -7
286 149 -8
286 598 14
286 316 30
286 309 41
287 75 10
287 314 24
287 629 19
287 335 21
288 188 40
288 368 34
288 150 46
288 434 38
289 55 33
289 559 16
289 476 35
289 680 22
290 142 46
290 146 19
290 312 24
290 518 2
291 570 -3
291 175 37
291 4 40
291 394 19
292 132 31
292 237 0
292 154 12
292 204 -8
293 674 16
293 398 34
293 397 22
293 197 5
294 138 42
294 512 16
294 462 7
294 328 19
295 610 44
295 645 3
295 127 35
295 599 48
296 581 39
296 631 47
296 1 20
296 212 38
297 96 32
297 472 26
297 328 -6
297 2 23
298 114 33
298 268 38
298 297 13
298 712 20
299 238 34
299 421 -1
299 81 -1
299 549 15
300 302 2
300 447 33
300 199 40
300 200 -4
301 220 -6
301 211 -9
301 190 46
301 723 30
302 448 27
302 599 39
302 545 21
302 138 24
303 181 23
303 315 39
303 26 4
303 377 18
304 200 14
304 723 10
304 167 11
304 339 -2
305 61 13
305 39 50
305 497 20
305 675 22
306 527 50
306 128 0
306 707 16
306 478 24
307 508 -4
307 601 32
307 697 9
307 527 29
308 679 48
308 91 28
308 332 40
308 90 32
309 257 -7
309 239 48
309 41 48
309 324 27
310 633 42
310 632 11
310 659 37
310 547 6
311 388 43
311 615 -1
311 95 12
311 639 50
312 547 44
312 154 -5
312 289 9
312 48 -4
313 471 30
313 373 33
313 110 12
313 167 -8
314 361 15
314 403 11
314 532 10
314 21 28
315 150 4
315 646 4
315 350 22
315 728 11
316 495 17
316 38 28
316 403 -3
316 663 11
317 683 5
317 69 47
317 584 18
317 727 -9
318 552 23
318 645 30
318 209 1
318 601 39
319 545 9
319 381 10
319 550 50
319 407 5
320 116 40
320 705 28
320 23 -5
320 648 28
321 300 14
321 506 32
321 532 20
321 169 -8
322 310 -6
322 545 39
322 661 20
322 359 22
323 574 50
323 96 24
323 353 10
323 143 35
324 47 32
324 20 25
324 648 -3
324 704 31
325 112 47
325 312 -9
325 382 27
325 259 29
326 717 27
326 613 46
326 514 -9
326 47 25
327 208 12
327 436 8
327 232 22
327 294 -3
328 247 22
328 449 47
328 18 22
328 358 24
329 728 17
329 336 11
329 7 -2
329 233 40
330 320 31
330 119 23
330 607 31
330 290 38
331 632 7
331 352 26
331 64 14
331 305 21
332 411 9
332 454 13
332 165 37
332 457 8
333 562 49
333 471 30
333 360 39
333 294 27
334 491 25
334 343 3
334 126 42
334 403 43
335 393 1
335 86 12
335 546 10
335 431 10
336 352 0
336 282 46
336 130 -10
336 283 42
337 424 27
337 114 45
337 330 21
337 406 34
338 611 38
338 344 -10
338 326 13
338 414 26
339 64 4
339 206 16
339 607 32
339 66 0
340 367 30
340 692 43
340 102 44
340 603 -4
341 450 -3
341 456 50
341 574 12
341 318 15
342 394 47
342 20 48
342 316 34
342 588 22
343 198 31
343 520 14
343 496 -7
343 705 19
344 276 26
344 326 14
344 387 31
344 358 32
345 216 36
345 144 2
345 596 26
345 378 46
346 443 39
346 501 31
346 396 35
346 208 -8
347 672 47
347 515 17
347 725 -7
347 268 30
348 234 15
348 561 0
348 142 -9
348 115 23
349 185 3
349 566 41
349 436 48
349 621 35
350 389 24
350 354 45
350 531 1
350 729 10
351 366 3
351 267 -5
351 698 26
351 627 34
352 55 44
352 194 37
352 437 -7
352 717 8
353 483 31
353 430 16
353 208 17
353 458 9
354 296 1
354 613 -9
354 175 16
354 462 21
355 516 12
355 605 27
355 218 -9
355 427 33
356 559 -5
356 368 37
356 408 2
356 239 12
357 705 -6
357 565 7
357 548 29
357 440 12
358 650 8
358 235 10
358 448 27
358 337 0
359 306 33
359 720 28
359 12 36
359 265 32
360 197 19
360 544 40
360 36 -5
360 714 31
361 643 -2
361 411 44
361 332 5
361 345 32
362 535 29
362 262 27
362 221 42
362 524 49
363 36 10
363 509 28
363 123 30
363 261 -7
364 527 35
364 290 3
364 51 -8
364 634 -8
365 527 7
365 231 32
365 414 44
365 179 29
366 365 21
366 601 27
366 443 24
366 268 23
367 729 33
367 718 18
367 470 1
367 191 34
368 170 -3
368 671 -5
368 134 -2
368 607 48
369 62 28
369 394 48
369 604 42
369 562 16
370 407 28
370 589 22
370 79 6
370 534 -10
371 544 25
371 621 0
371 601 33
371 347 17
372 680 -5
372 185 -10
372 250 49
372 183 1
373 509 31
373 386 11
373 525 26
373 125 3
374 501 48
374 191 18
374 657 -6
374 182 30
375 305 44
375 277 24
375 15 -5
375 231 4
376 619 8
376 6 20
376 43 8
376 137 15
377 324 20
377 118 38
377 68 9
377 322 5
378 415 26
378 353 45
378 141 36
378 681 21
379 179 42
379 479 18
379 285 -2
379 288 2
380 238 25
380 15 18
380 543 32
380 354 -3
381 619 48
381 108 -10
381 621 39
381 291 36
382 216 31
382 531 17
382 301 40
382 177 3
383 226 19
383 293 32
383 295 32
383 328 -9
384 214 -1
384 575 4
384 104 44
384 251 1
385 197 42
385 530 7
385 614 13
385 177 38
386 368 44
386 30 47
386 234 49
386 145 24
387 598 13
387 267 -7
387 341 50
387 314 41
388 635 22
388 295 31
388 529 3
388 64 1
389 376 10
389 546 19
389 276 50
389 504 -8
390 716 30
390 291 18
390 93 24
390 221 29
391 693 26
391 220 14
391 209 31
391 629 34
392 49 27
392 489 6
392 402 3
392 369 11
393 19 9
393 272 -8
393 478 20
393 466 -10
394 498 15
394 126 50
394 25 12
394 344 6
395 54 -4
395 133 24
395 237 44
395 690 40
396 680 27
396 282 -7
396 400 1
396 647 5
397 567 -3
397 439 -8
397 331 -10
397 390 30
398 368 38
398 419 9
398 195 28
398 547 -2
399 397 46
399 714 17
399 240 27
399 23 45
400 148 28
400 563 16
400 68 18
400 462 -2
401 352 34
401 170 32
401 14 16
401 640 -2
402 347 8
402 471 29
402 358 37
402 545 46
403 360 11
403 594 18
403 706 50
403 348 -10
404 68 49
404 513 8
404 702 -6
404 684 6
405 409 2
405 529 -3
405 442 5
405 215 27
406 725 19
406 201 36
406 575 39
406 726 20
407 665 46
407 369 -10
407 265 8
407 267 34
408 539 8
408 79 50
408 24 20
408 478 30
409 93 -2
409 71 35
409 462 0
409 700 47
410 541 -2
410 421 18
410 101 17
410 309 44
411 24 -10
411 458 20
411 490 -7
411 224 14
412 698 22
412 703 23
412 586 25
412 676 20
413 236 40
413 221 16
413 301 1
413 657 45
414 467 50
414 207 -9
414 213 -3
414 246 34
415 105 8
415 538 24
415 652 47
415 479 45
416 705 11
416 617 2
416 645 30
416 347 -9
417 118 40
417 375 29
417 401 40
417 704 20
418 538 -5
418 400 3
418 498 -2
418 648 39
419 723 -4
419 715 24
419 117 8
419 458 30
420 399 -2
420 242 28
420 280 49
420 67 26
421 432 43
421 115 0
421 95 16
421 296 -7
422 41 34
422 177 17
422 402 49
422 157 24
423 554 17
423 695 22
423 691 11
423 722 30
424 377 39
424 670 35
424 109 46
424 403 -5
425 642 39
425 476 22
425 411 46
425 129 12
426 244 24
426 443 40
426 610 20
426 458 41
427 495 20
427 69 8
427 150 5
427 496 26
428 168 21
428 320 6
428 113 18
428 232 23
429 560 34
429 691 17
429 32 41
429 233 3
430 161 11
430 218 17
430 567 -1
430 469 16
431 212 18
431 373 29
431 87 26
431 569 34
432 186 -3
432 58 23
432 535 12
432 470 -4
433 358 23
433 105 1
433 684 49
433 644 25
434 239 34
434 133 -10
434 575 27
434 257 -3
435 561 43
435 666 39
435 174 6
435 586 -3
436 585 -9
436 36 -2
436 466 2
436 172 -9
437 430 46
437 308 4
437 307 32
437 439 20
438 658 18
438 501 34
438 322 24
438 170 5
439 364 15
439 289 16
439 572 40
439 615 24
440 210 6
440 428 12
440 165 30
440 130 -3
441 86 28
441 368 5
441 159 49
441 214 35
442 483 8
442 114 33
442 671 43
442 439 32
443 503 -2
443 433 26
443 724 21
443 474 6
444 506 19
444 45 47
444 219 38
444 679 50
445 641 31
445 279 41
445 13 22
445 670 8
446 12 36
446 456 2
446 501 33
446 103 19
447 620 -1
447 146 37
447 682 -10
447 629 -3
448 555 10
448 362 30
448 465 16
448 142 12
449 111 5
449 51 35
449 605 20
449 59 37
450 32 -1
450 454 40
450 619 17
450 431 34
451 634 5
451 666 5
451 95 29
451 521 28
452 469 43
452 42 8
452 278 26
452 532 26
453 479 -4
453 40 46
453 262 44
453 59 48
454 68 49
454 591 13
454 683 40
454 108 -5
455 568 -5
455 462 -7
455 700 -2
455 236 31
456 103 36
456 158 1
456 582 19
456 728 8
457 690 47
457 597 24
457 606 4
457 439 25
458 299 2
458 16 -1
458 70 30
458 78 13
459 682 4
459 541 1
459 644 10
459 521 38
460 97 -3
460 71 -8
460 445 50
460 42 25
461 246 32
461 365 -5
461 259 -1
461 550 13
462 308 7
462 458 10
462 19 20
462 429 35
463 580 29
463 642 18
463 497 39
463 126 15
464 126 35
464 200 -8
464 429 2
464 98 -9
465 210 24
465 158 22
465 48 21
465 454 27
466 299 16
466 521 47
466 441 -9
466 150 11
467 172 14
467 626 18
467 531 0
467 647 37
468 27 48
468 103 23
468 548 -9
468 120 26
469 148 32
469 203 -5
469 344 16
469 387 7
470 358 9
470 186 -6
470 136 41
470 60 12
471 553 17
471 571 7
471 636 28
471 673 -7
472 715 43
472 254 17
472 263 9
472 50 32
473 240 -10
473 437 7
473 523 -6
473 247 41
474 658 4
474 146 32
474 226 18
474 3 24
475 122 42
475 275 30
475 118 45
475 642 47
476 681 36
476 586 1
476 212 11
476 492 50
477 360 25
477 538 22
477 662 36
477 525 18
478 383 24
478 682 -2
478 46 -6
478 202 4
479 669 42
479 517 -10
479 231 6
479 681 42
480 99 37
480 241 30
480 696 -7
480 291 29
481 709 25
481 248 8
481 399 31
481 269 -2
482 6 37
482 338 24
482 311 -8
482 514 -8
483 441 50
483 531 7
483 362 21
483 686 27
484 128 50
484 319 46
484 213 15
484 10 41
485 185 9
485 325 -10
485 55 10
485 100 -1
486 165 47
486 394 12
486 103 39
486 8 50
487 329 8
487 621 50
487 687 29
487 425 31
488 127 -7
488 474 14
488 412 48
488 462 35
489 512 48
489 211 18
489 403 2
489 190 29
490 636 1
490 354 -2
490 5 23
490 607 12
491 396 46
491 662 27
491 581 38
491 695 38
492 339 -1
492 684 10
492 346 16
492 168 10
493 113 -5
493 286 -10
493 687 12
493 369 44
494 433 13
494 352 -6
494 334 36
494 218 -3
495 166 9
495 258 21
495 665 48
495 38 0
496 8 33
496 67 -5
496 350 42
496 98 50
497 222 13
497 525 22
497 166 6
497 46 30
498 474 -8
498 176 26
498 57 18
498 21 41
499 498 7
499 96 17
499 720 49
499 647 50
500 239 42
500 235 7
500 704 29
500 259 1
501 476 13
501 232 28
501 226 -2
501 320 36
502 400 15
502 222 25
502 309 -8
502 60 3
503 163 36
503 415 -8
503 691 50
503 440 18
504 201 3
504 718 7
504 558 50
504 724 36
505 521 1
505 63 36
505 373 26
505 308 19
506 591 -5
506 207 32
506 663 9
506 504 43
507 515 11
507 600 25
507 210 46
507 523 49
508 500 36
508 363 38
508 47 11
508 206 -3
509 600 0
509 623 9
509 171 28
509 592 31
510 297 -8
510 519 34
510 287 36
510 137 45
511 686 1
511 255 9
511 223 40
511 709 21
512 382 44
512 321 22
512 159 27
512 612 -3
513 696 45
513 572 38
513 28 34
513 248 19
514 694 20
514 128 42
514 288 18
514 228 -2
515 411 8
515 489 33
515 175 10
515 721 47
516 277 38
516 452 29
516 484 30
516 237 47
517 294 25
517 320 9
517 219 33
517 477 -10
518 62 -2
518 138 31
518 316 41
518 553 11
519 236 20
519 57 1
519 716 -3
519 489 22
520 215 -6
520 129 47
520 159 23
520 357 13
521 678 -8
521 26 32
521 41 34
521 593 -9
522 711 13
522 198 24
522 138 27
522 470 2
523 715 30
523 230 13
523 383 7
523 709 40
524 136 15
524 420 10
524 693 22
524 494 -8
525 304 9
525 417 -2
525 557 -3
525 382 1
526 581 10
526 641 5
526 16 17
526 340 0
527 108 -4
527 202 39
527 241 18
527 195 22
528 6 39
528 444 37
528 85 44
528 560 20
529 279 12
529 194 -2
529 327 -9
529 521 9
530 181 30
530 31 35
530 48 10
530 676 13
531 578 10
531 234 8
531 404 47
531 269 29
532 315 23
532 299 16
532 51 27
532 419 24
533 280 22
533 331 48
533 418 1
533 728 -8
534 289 43
534 474 22
534 692 19
534 725 9
535 517 42
535 510 37
535 555 41
535 355 49
536 189 11
536 54 46
536 113 25
536 7 27
537 335 38
537 268 42
537 197 48
537 477 -2
538 97 -4
538 219 9
538 678 27
538 610 34
539 705 43
539 671 30
539 418 33
539 578 -7
540 287 25
540 74 -7
540 569 -7
540 227 42
541 706 15
541 580 5
541 285 31
541 725 42
542 233 11
542 251 5
542 304 19
542 395 3
543 156 21
543 201 27
543 315 37
543 23 3
544 581 31
544 520 25
544 595 27
544 199 41
545 585 -3
545 688 1
545 51 7
545 171 1
546 496 17
546 648 26
546 509 40
546 151 42
547 377 -1
547 471 42
547 125 29
547 609 7
548 159 18
548 330 21
548 311 38
548 220 14
549 644 -9
549 20 33
549 465 33
549 192 -6
550 644 40
550 362 43
550 202 -1
550 175 3
551 405 37
551 705 8
551 599 -6
551 170 0
552 547 11
552 356 42
552 327 23
552 358 -5
553 431 42
553 691 49
553 157 12
553 463 -5
554 590 26
554 582 -2
554 462 43
554 398 26
555 302 -6
555 660 21
555 573 12
555 714 -3
556 544 15
556 249 3
556 165 30
556 682 48
557 718 16
557 719 1
557 26 40
557 84 24
558 441 6
558 353 1
558 398 11
558 267 0
559 433 13
559 323 11
559 201 -4
559 238 23
560 268 14
560 308 30
560 538 -6
560 295 -1
561 173 -7
561 180 21
561 57 33
561 291 3
562 706 38
562 558 -9
562 548 33
562 172 -3
563 442 -10
563 302 0
563 90 47
563 80 0
564 555 36
564 584 44
564 141 9
564 316 -4
565 244 32
565 284 36
565 552 47
565 630 26
566 234 8
566 654 14
566 284 23
566 624 49
567 101 35
567 492 19
567 409 38
567 343 44
568 219 13
568 29 27
568 23 39
568 190 43
569 661 -8
569 323 28
569 724 10
569 536 17
570 507 -5
570 414 44
570 300 -2
570 315 45
571 694 40
571 55 25
571 16 -2
571 110 38
572 654 38
572 431 -10
572 406 -9
572 576 9
573 295 46
573 579 50
573 3 33
573 433 -6
574 591 -8
574 103 15
574 186 41
574 648 13
575 115 36
575 641 12
575 599 40
575 105 47
576 460 4
576 670 40
576 136 1
576 191 3
577 559 24
577 415 22
577 693 40
577 181 26
578 352 39
578 470 -4
578 316 19
578 474 12
579 314 18
579 296 48
579 398 6
579 33 8
580 557 24
580 267 -10
580 241 43
580 536 15
581 416 5
581 335 13
581 678 35
581 491 6
582 695 21
582 525 6
582 558 41
582 72 35
583 694 25
583 172 43
583 98 -5
583 255 41
584 176 -2
584 261 36
584 392 34
584 208 50
585 356 12
585 71 23
585 657 50
585 573 50
586 46 17
586 723 3
586 702 37
586 234 26
587 597 21
587 403 40
587 41 13
587 610 13
588 135 16
588 131 3
588 239 46
588 312 47
589 217 20
589 67 32
589 487 9
589 166 8
590 594 12
590 483 10
590 729 27
590 325 1
591 618 -10
591 292 24
591 597 38
591 219 46
592 401 21
592 399 50
592 22 34
592 562 36
593 368 0
593 237 2
593 571 -7
593 197 -6
594 87 10
594 711 33
594 662 44
594 136 -1
595 726 42
595 271 23
595 467 15
595 247 -9
596 183 26
596 87 2
596 485 6
596 71 42
597 86 42
597 150 3
597 683 26
597 365 40
598 417 40
598 356 48
598 251 8
598 159 -10
599 69 7
599 205 19
599 586 46
599 393 29
600 525 42
600 109 30
600 213 10
600 70 32
601 200 16
601 313 4
601 644 23
601 682 11
602 593 20
602 311 41
602 432 42
602 242 37
603 397 -10
603 313 34
603 602 39
603 672 45
604 621 26
604 52 7
604 582 9
604 658 -7
605 14 22
605 46 37
605 333 -8
605 513 -3
606 335 6
606 79 39
606 246 19
606 277 43
607 376 47
607 141 4
607 450 6
607 424 13
608 466 3
608 495 36
608 566 35
608 502 20
609 376 3
609 80 0
609 236 21
609 223 -10
610 405 -5
610 311 8
610 266 6
610 716 -8
611 296 20
611 554 3
611 144 23
611 95 21
612 477 41
612 716 26
612 631 41
612 548 3
613 647 -8
613 368 27
613 541 27
613 171 27
614 162 1
614 59 -5
614 548 -4
614 361 -7
615 83 29
615 592 5
615 170 2
615 238 0
616 724 41
616 143 11
616 491 13
616 571 37
617 366 41
617 582 35
617 569 -6
617 215 34
618 209 -1
618 16 10
618 441 35
618 347 21
619 42 16
619 338 50
619 651 6
619 116 22
620 340 26
620 252 12
620 696 -3
620 221 40
621 259 45
621 644 -4
621 192 38
621 289 15
622 4 9
622 403 41
622 126 37
622 291 10
623 476 -5
623 531 20
623 435 24
623 167 -5
624 159 0
624 64 -4
624 12 -3
624 386 -10
625 717 27
625 355 49
625 444 -10
625 311 28
626 364 6
626 50 37
626 435 48
626 217 42
627 169 -3
627 477 42
627 223 32
627 303 14
628 200 4
628 441 22
628 337 35
628 704 36
629 695 22
629 586 37
629 574 -10
629 635 23
630 405 19
630 9 3
630 492 39
630 221 14
631 599 9
631 313 42
631 134 33
631 12 43
632 19 46
632 437 13
632 334 31
632 677 24
633 708 19
633 381 12
633 641 6
633 329 0
634 359 -1
634 121 10
634 556 28
634 127 45
635 111 28
635 681 28
635 710 23
635 458 41
636 474 14
636 230 45
636 512 22
636 140 30
637 220 33
637 204 44
637 555 -10
637 576 6
638 508 14
638 488 19
638 124 1
638 692 46
639 504 -9
639 179 42
639 169 2
639 212 32
640 36 -3
640 702 29
640 82 42
640 394 18
641 438 18
641 494 7
641 114 35
641 280 17
642 53 -5
642 554 43
642 24 -6
642 500 15
643 523 25
643 550 29
643 237 26
643 268 47
644 81 24
644 14 49
644 153 14
644 16 49
645 696 43
645 74 18
645 257 3
645 163 1
646 66 22
646 677 46
646 307 41
646 520 8
647 581 41
647 718 20
647 122 -10
647 207 46
648 586 -5
648 405 15
648 257 3
648 230 -2
649 512 33
649 68 -4
649 264 32
649 289 40
650 453 -8
650 229 18
650 361 38
650 107 3
651 633 4
651 287 10
651 728 15
651 643 -2
652 478 -3
652 44 0
652 583 46
652 107 11
653 158 40
653 185 23
653 427 9
653 71 -4
654 124 34
654 369 5
654 141 5
654 454 24
655 216 50
655 579 21
655 94 44
655 647 25
656 319 31
656 376 14
656 1 20
656 236 -10
657 321 34
657 95 21
657 381 40
657 377 12
658 327 42
658 80 19
658 498 12
658 512 8
659 515 16
659 298 41
659 338 6
659 103 -9
660 325 47
660 211 21
660 57 13
660 722 40
661 692 7
661 683 11
661 337 42
661 441 20
662 557 4
662 362 19
662 13 17
662 482 -10
663 43 -5
663 619 34
663 518 0
663 45 1
664 208 41
664 109 3
664 310 30
664 521 50
665 675 45
665 50 24
665 628 8
665 244 1
666 662 13
666 42 45
666 583 5
666 239 17
667 95 35
667 659 -1
667 12 -3
667 613 48
668 130 0
668 213 39
668 653 35
668 325 0
669 96 26
669 607 -10
669 625 16
669 715 50
670 431 19
670 384 44
670 651 47
670 379 35
671 96 50
671 60 14
671 76 3
671 317 41
672 613 33
672 174 8
672 214 15
672 193 -10
673 665 33
673 110 -2
673 371 38
673 383 5
674 98 20
674 546 -5
674 613 22
674 364 42
675 25 -7
675 669 49
675 585 24
675 471 13
676 578 1
676 501 42
676 48 -9
676 603 50
677 72 38
677 272 -7
677 497 45
677 639 28
678 606 30
678 330 43
678 329 37
678 425 2
679 389 32
679 441 24
679 717 -4
679 600 29
680 628 11
680 494 6
680 398 28
680 622 -7
681 183 28
681 506 13
681 595 38
681 559 30
682 224 47
682 317 7
682 441 -8
682 704 17
683 353 40
683 220 -6
683 684 28
683 554 3
684 419 50
684 340 -7
684 491 -10
684 485 40
685 281 -9
685 316 32
685 590 23
685 668 24
686 167 8
686 285 13
686 110 22
686 452 46
687 627 49
687 55 -10
687 171 10
687 403 21
688 149 5
688 683 -10
688 275 -8
688 492 33
689 410 11
689 246 50
689 571 19
689 420 -10
690 617 17
690 187 48
690 252 -7
690 420 3
691 196 17
691 565 8
691 610 23
691 444 14
692 378 20
692 25 11
692 230 3
692 563 24
693 193 -10
693 471 10
693 560 17
693 368 42
694 255 42
694 411 -7
694 607 42
694 238 0
695 419 34
695 406 26
695 90 -5
695 217 45
696 382 27
696 296 26
696 418 31
696 293 40
697 189 9
697 487 34
697 23 24
697 125 20
698 422 32
698 44 22
698 403 36
698 690 44
699 657 50
699 711 50
699 332 1
699 520 13
700 626 0
700 152 39
700 241 36
700 711 -5
701 405 28
701 216 46
701 519 8
701 339 33
702 331 -5
702 163 -6
702 183 -8
702 302 44
703 605 20
703 329 50
703 493 42
703 255 50
704 394 32
704 621 2
704 413 34
704 716 17
705 126 23
705 161 32
705 585 27
705 650 -1
706 27 -3
706 30 -1
706 413 20
706 719 33
707 199 38
707 640 26
707 64 24
707 497 -10
708 99 20
708 346 18
708 180 -7
708 544 2
709 558 24
709 308 47
709 113 11
709 466 37
710 415 38
710 272 18
710 259 44
710 98 13
711 114 43
711 261 43
711 679 19
711 249 32
712 564 24
712 648 25
712 342 30
712 416 45
713 191 46
713 489 49
713 44 19
713 466 47
714 429 8
714 583 32
714 10 49
714 572 2
715 518 5
715 657 -8
715 333 7
715 641 29
716 240 8
716 25 2
716 647 32
716 211 17
717 238 24
717 34 14
717 464 28
717 285 17
718 10 44
718 647 32
718 522 27
718 130 -1
719 331 3
719 48 17
719 206 0
719 676 1
720 229 -2
720 530 34
720 90 16
720 386 43
721 678 27
721 189 6
721 354 1
721 534 45
722 108 19
722 622 -6
722 240 17
722 70 8
723 437 -4
723 232 25
723 640 15
723 607 17
724 441 -7
724 559 31
724 702 1
724 237 31
725 591 9
725 332 18
725 293 35
725 1 -7
726 82 50
726 455 -5
726 66 -7
726 362 -8
727 457 28
727 141 39
727 131 15
727 166 40
728 399 -6
728 565 0
728 83 34
728 442 45
729 675 21
729 374 30
729 290 44
729 342 21
