negative circle
(1,27,25,2 119)
(1,12,3 18)
(1,27,13,4 58)
(1,12,3,23,19,5 52)
(1,27,25,2,6 167)
(1,27,25,2,7 149)
(1,8 NULL)
(1,12,3,23,9 68)
(1,27,13,4,17,24,16,10 64)
(1,11 NULL)
(1,12 14)
(1,27,13 42)
(1,27,13,4,17,24,14 52)
(1,27,25,2,6,15 168)
(1,27,13,4,17,24,16 60)
(1,27,13,4,17 53)
(1,12,18 50)
(1,12,3,23,19 51)
(1,20 NULL)
(1,21 NULL)
(1,22 NULL)
(1,12,3,23 32)
(1,27,13,4,17,24 62)
(1,27,25 73)
(1,12,3,23,9,26 97)
(1,27 36)
(2,6,19,5,16,10,1 73)
(2,6,19,5,16,10,1,12,3 91)
(2,6,19,27,13,4 67)
(2,6,19,5 40)
(2,6 48)
(2,7 30)
(2,8 NULL)
(2,6,15,23,9 135)
(2,6,19,5,16,10 73)
(2,11 NULL)
(2,6,19,5,16,10,1,12 87)
(2,6,19,27,13 51)
(2,6,19,27,13,4,17,24,14 61)
(2,6,15 49)
(2,6,19,5,16 69)
(2,6,19,27,13,4,17 62)
(2,6,19,5,16,18 88)
(2,6,19 39)
(2,20 NULL)
(2,21 NULL)
(2,22 NULL)
(2,6,15,23 99)
(2,6,19,27,13,4,17,24 71)
(2,6,19,27,25 82)
(2,6,15,23,9,26 164)
(2,6,19,27 45)
(3,16,10,1 53)
(3,23,19,27,25,2 122)
(3,16,10,4 52)
(3,23,19,5 34)
(3,23,19,27,25,2,6 170)
(3,23,19,27,25,2,7 152)
(3,8 NULL)
(3,23,9 50)
(3,16,10 53)
(3,11 NULL)
(3,16,10,1,12 67)
(3,23,19,27,13 45)
(3,16,10,4,17,24,14 46)
(3,23,19,27,25,2,6,15 171)
(3,16 49)
(3,16,10,4,17 47)
(3,16,18 68)
(3,23,19 33)
(3,20 NULL)
(3,21 NULL)
(3,22 NULL)
(3,23 14)
(3,16,10,4,17,24 56)
(3,23,19,27,25 76)
(3,23,9,26 79)
(3,23,19,27 39)
(4,17,24,16,10,1 6)
(4,17,27,25,2 87)
(4,17,24,16,10,1,12,3 24)
(4,17,24,16,10,1,12,3,23,19,5 58)
(4,17,27,25,2,6 135)
(4,17,27,25,2,7 117)
(4,8 NULL)
(4,17,24,16,10,1,12,3,23,9 74)
(4,17,24,16,10 6)
(4,11 NULL)
(4,17,24,16,10,1,12 20)
(4,17,27,13 10)
(4,17,24,14 -6)
(4,17,27,25,2,6,15 136)
(4,17,24,16 2)
(4,17 -5)
(4,17,24,16,18 21)
(4,17,24,16,10,1,12,3,23,19 57)
(4,20 NULL)
(4,21 NULL)
(4,22 NULL)
(4,17,24,16,10,1,12,3,23 38)
(4,17,24 4)
(4,17,27,25 41)
(4,17,24,16,10,1,12,3,23,9,26 103)
(4,17,27 4)
(5,16,10,1 33)
(5,16,10,4,17,27,25,2 119)
(5,16,10,1,12,3 51)
(5,16,10,4 32)
(5,16,10,4,17,27,25,2,6 167)
(5,16,10,4,17,27,25,2,7 149)
(5,8 NULL)
(5,16,10,1,12,3,23,9 101)
(5,16,10 33)
(5,11 NULL)
(5,16,10,1,12 47)
(5,16,10,4,17,27,13 42)
(5,16,10,4,17,24,14 26)
(5,16,10,4,17,27,25,2,6,15 168)
(5,16 29)
(5,16,10,4,17 27)
(5,16,18 48)
(5,16,10,1,12,3,23,19 84)
(5,20 NULL)
(5,21 NULL)
(5,22 NULL)
(5,16,10,1,12,3,23 65)
(5,16,10,4,17,24 36)
(5,16,10,4,17,27,25 73)
(5,16,10,1,12,3,23,9,26 130)
(5,16,10,4,17,27 36)
(6,19,5,16,10,1 25)
(6,19,27,25,2 80)
(6,19,5,16,10,1,12,3 43)
(6,19,27,13,4 19)
(6,19,5 -8)
(6,19,27,25,2,7 110)
(6,8 NULL)
(6,15,23,9 87)
(6,19,5,16,10 25)
(6,11 NULL)
(6,19,5,16,10,1,12 39)
(6,19,27,13 3)
(6,19,27,13,4,17,24,14 13)
(6,15 1)
(6,19,5,16 21)
(6,19,27,13,4,17 14)
(6,19,5,16,18 40)
(6,19 -9)
(6,20 NULL)
(6,21 NULL)
(6,22 NULL)
(6,15,23 51)
(6,19,27,13,4,17,24 23)
(6,19,27,25 34)
(6,15,23,9,26 116)
(6,19,27 -3)
(7,4,17,24,16,10,1 46)
(7,2 24)
(7,4,17,24,16,10,1,12,3 64)
(7,4 40)
(7,2,6,19,5 64)
(7,2,6 72)
(7,8 NULL)
(7,4,17,24,16,10,1,12,3,23,9 114)
(7,4,17,24,16,10 46)
(7,11 NULL)
(7,4,17,24,16,10,1,12 60)
(7,4,17,27,13 50)
(7,4,17,24,14 34)
(7,2,6,15 73)
(7,4,17,24,16 42)
(7,4,17 35)
(7,4,17,24,16,18 61)
(7,2,6,19 63)
(7,20 NULL)
(7,21 NULL)
(7,22 NULL)
(7,4,17,24,16,10,1,12,3,23 78)
(7,4,17,24 44)
(7,4,17,27,25 81)
(7,4,17,24,16,10,1,12,3,23,9,26 143)
(7,4,17,27 44)
(8,25,24,16,10,1 8)
(8,25,2 59)
(8,25,24,16,10,1,12,3 26)
(8,25,24,16,10,4 7)
(8,25,24,16,10,1,12,3,23,19,5 60)
(8,25,2,6 107)
(8,25,2,7 89)
(8,25,24,16,10,1,12,3,23,9 76)
(8,25,24,16,10 8)
(8,11 NULL)
(8,25,24,16,10,1,12 22)
(8,25,24,16,10,4,17,27,13 17)
(8,25,24,14 -4)
(8,25,2,6,15 108)
(8,25,24,16 4)
(8,25,24,16,10,4,17 2)
(8,25,24,16,18 23)
(8,25,24,16,10,1,12,3,23,19 59)
(8,20 NULL)
(8,21 NULL)
(8,22 NULL)
(8,25,24,16,10,1,12,3,23 40)
(8,25,24 6)
(8,25 13)
(8,25,24,16,10,1,12,3,23,9,26 105)
(8,25,24,16,10,4,17,27 11)
(9,26,24,16,10,1 33)
(9,26,24,16,10,4,17,27,25,2 119)
(9,26,12,3 34)
(9,26,24,16,10,4 32)
(9,19,5 41)
(9,26,24,16,10,4,17,27,25,2,6 167)
(9,26,24,16,10,4,17,27,25,2,7 149)
(9,8 NULL)
(9,26,24,16,10 33)
(9,11 NULL)
(9,26,12 30)
(9,26,24,16,10,4,17,27,13 42)
(9,26,24,14 21)
(9,26,24,16,10,4,17,27,25,2,6,15 168)
(9,26,24,16 29)
(9,26,24,16,10,4,17 27)
(9,26,24,16,18 48)
(9,19 40)
(9,20 NULL)
(9,21 NULL)
(9,22 NULL)
(9,26,12,3,23 48)
(9,26,24 31)
(9,26,24,16,10,4,17,27,25 73)
(9,26 29)
(9,26,24,16,10,4,17,27 36)
(10,1 0)
(10,4,17,27,25,2 86)
(10,1,12,3 18)
(10,4 -1)
(10,1,12,3,23,19,5 52)
(10,4,17,27,25,2,6 134)
(10,4,17,27,25,2,7 116)
(10,8 NULL)
(10,1,12,3,23,9 68)
(10,11 NULL)
(10,1,12 14)
(10,4,17,27,13 9)
(10,4,17,24,14 -7)
(10,4,17,27,25,2,6,15 135)
(10,4,17,24,16 1)
(10,4,17 -6)
(10,4,17,24,16,18 20)
(10,1,12,3,23,19 51)
(10,20 NULL)
(10,21 NULL)
(10,22 NULL)
(10,1,12,3,23 32)
(10,4,17,24 3)
(10,4,17,27,25 40)
(10,1,12,3,23,9,26 97)
(10,4,17,27 3)
(11,16,10,1 43)
(11,16,10,4,17,27,25,2 129)
(11,16,10,1,12,3 61)
(11,16,10,4 42)
(11,19,5 45)
(11,16,10,4,17,27,25,2,6 177)
(11,16,10,4,17,27,25,2,7 159)
(11,8 NULL)
(11,16,10,1,12,3,23,9 111)
(11,16,10 43)
(11,16,10,1,12 57)
(11,16,10,4,17,27,13 52)
(11,16,10,4,17,24,14 36)
(11,16,10,4,17,27,25,2,6,15 178)
(11,16 39)
(11,16,10,4,17 37)
(11,16,18 58)
(11,19 44)
(11,20 NULL)
(11,21 NULL)
(11,22 NULL)
(11,16,10,1,12,3,23 75)
(11,16,10,4,17,24 46)
(11,16,10,4,17,27,25 83)
(11,16,10,1,12,3,23,9,26 140)
(11,16,10,4,17,27 46)
(12,3,16,10,1 57)
(12,3,23,19,27,25,2 126)
(12,3 4)
(12,3,16,10,4 56)
(12,3,23,19,5 38)
(12,3,23,19,27,25,2,6 174)
(12,3,23,19,27,25,2,7 156)
(12,8 NULL)
(12,3,23,9 54)
(12,3,16,10 57)
(12,11 NULL)
(12,3,23,19,27,13 49)
(12,3,16,10,4,17,24,14 50)
(12,3,23,19,27,25,2,6,15 175)
(12,3,16 53)
(12,3,16,10,4,17 51)
(12,18 36)
(12,3,23,19 37)
(12,20 NULL)
(12,21 NULL)
(12,22 NULL)
(12,3,23 18)
(12,3,16,10,4,17,24 60)
(12,3,23,19,27,25 80)
(12,3,23,9,26 83)
(12,3,23,19,27 43)
(13,4,17,24,16,10,1 22)
(13,4,17,27,25,2 103)
(13,4,17,24,16,10,1,12,3 40)
(13,4 16)
(13,4,17,24,16,10,1,12,3,23,19,5 74)
(13,4,17,27,25,2,6 151)
(13,4,17,27,25,2,7 133)
(13,8 NULL)
(13,4,17,24,16,10,1,12,3,23,9 90)
(13,4,17,24,16,10 22)
(13,11 NULL)
(13,4,17,24,16,10,1,12 36)
(13,4,17,24,14 10)
(13,4,17,27,25,2,6,15 152)
(13,4,17,24,16 18)
(13,4,17 11)
(13,4,17,24,16,18 37)
(13,4,17,24,16,10,1,12,3,23,19 73)
(13,20 NULL)
(13,21 NULL)
(13,22 NULL)
(13,4,17,24,16,10,1,12,3,23 54)
(13,4,17,24 20)
(13,4,17,27,25 57)
(13,4,17,24,16,10,1,12,3,23,9,26 119)
(13,4,17,27 20)
(14,18,12,3,16,10,1 145)
(14,18,12,3,23,19,27,25,2 214)
(14,18,12,3 92)
(14,18,12,3,16,10,4 144)
(14,18,12,3,23,19,5 126)
(14,18,12,3,23,19,27,25,2,6 262)
(14,18,12,3,23,19,27,25,2,7 244)
(14,8 NULL)
(14,18,12,3,23,9 142)
(14,18,12,3,16,10 145)
(14,11 NULL)
(14,18,12 88)
(14,18,12,3,23,19,27,13 137)
(14,18,12,3,23,19,27,25,2,6,15 263)
(14,18,12,3,16 141)
(14,18,12,3,16,10,4,17 139)
(14,18 42)
(14,18,12,3,23,19 125)
(14,20 NULL)
(14,21 NULL)
(14,22 NULL)
(14,18,12,3,23 106)
(14,18,12,3,16,10,4,17,24 148)
(14,18,12,3,23,19,27,25 168)
(14,18,12,3,23,9,26 171)
(14,18,12,3,23,19,27 131)
(15,23,19,5,16,10,1 103)
(15,23,19,27,25,2 158)
(15,23,9,26,12,3 120)
(15,23,19,27,13,4 97)
(15,23,19,5 70)
(15,23,19,27,25,2,6 206)
(15,23,19,27,25,2,7 188)
(15,8 NULL)
(15,23,9 86)
(15,23,19,5,16,10 103)
(15,11 NULL)
(15,23,9,26,12 116)
(15,23,19,27,13 81)
(15,23,19,27,13,4,17,24,14 91)
(15,23,19,5,16 99)
(15,23,19,27,13,4,17 92)
(15,23,19,5,16,18 118)
(15,23,19 69)
(15,20 NULL)
(15,21 NULL)
(15,22 NULL)
(15,23 50)
(15,23,19,27,13,4,17,24 101)
(15,23,19,27,25 112)
(15,23,9,26 115)
(15,23,19,27 75)
(16,10,1 4)
(16,10,4,17,27,25,2 90)
(16,10,1,12,3 22)
(16,10,4 3)
(16,10,1,12,3,23,19,5 56)
(16,10,4,17,27,25,2,6 138)
(16,10,4,17,27,25,2,7 120)
(16,8 NULL)
(16,10,1,12,3,23,9 72)
(16,10 4)
(16,11 NULL)
(16,10,1,12 18)
(16,10,4,17,27,13 13)
(16,10,4,17,24,14 -3)
(16,10,4,17,27,25,2,6,15 139)
(16,10,4,17 -2)
(16,18 19)
(16,10,1,12,3,23,19 55)
(16,20 NULL)
(16,21 NULL)
(16,22 NULL)
(16,10,1,12,3,23 36)
(16,10,4,17,24 7)
(16,10,4,17,27,25 44)
(16,10,1,12,3,23,9,26 101)
(16,10,4,17,27 7)
(17,24,16,10,1 11)
(17,27,25,2 92)
(17,24,16,10,1,12,3 29)
(17,24,16,10,4 10)
(17,24,16,10,1,12,3,23,19,5 63)
(17,27,25,2,6 140)
(17,27,25,2,7 122)
(17,8 NULL)
(17,24,16,10,1,12,3,23,9 79)
(17,24,16,10 11)
(17,11 NULL)
(17,24,16,10,1,12 25)
(17,27,13 15)
(17,24,14 -1)
(17,27,25,2,6,15 141)
(17,24,16 7)
(17,24,16,18 26)
(17,24,16,10,1,12,3,23,19 62)
(17,20 NULL)
(17,21 NULL)
(17,22 NULL)
(17,24,16,10,1,12,3,23 43)
(17,24 9)
(17,27,25 46)
(17,24,16,10,1,12,3,23,9,26 108)
(17,27 9)
(18,12,3,16,10,1 103)
(18,12,3,23,19,27,25,2 172)
(18,12,3 50)
(18,12,3,16,10,4 102)
(18,12,3,23,19,5 84)
(18,12,3,23,19,27,25,2,6 220)
(18,12,3,23,19,27,25,2,7 202)
(18,8 NULL)
(18,12,3,23,9 100)
(18,12,3,16,10 103)
(18,11 NULL)
(18,12 46)
(18,12,3,23,19,27,13 95)
(18,12,3,16,10,4,17,24,14 96)
(18,12,3,23,19,27,25,2,6,15 221)
(18,12,3,16 99)
(18,12,3,16,10,4,17 97)
(18,12,3,23,19 83)
(18,20 NULL)
(18,21 NULL)
(18,22 NULL)
(18,12,3,23 64)
(18,12,3,16,10,4,17,24 106)
(18,12,3,23,19,27,25 126)
(18,12,3,23,9,26 129)
(18,12,3,23,19,27 89)
(19,5,16,10,1 34)
(19,27,25,2 89)
(19,5,16,10,1,12,3 52)
(19,27,13,4 28)
(19,5 1)
(19,27,25,2,6 137)
(19,27,25,2,7 119)
(19,8 NULL)
(19,5,16,10,1,12,3,23,9 102)
(19,5,16,10 34)
(19,11 NULL)
(19,5,16,10,1,12 48)
(19,27,13 12)
(19,27,13,4,17,24,14 22)
(19,27,25,2,6,15 138)
(19,5,16 30)
(19,27,13,4,17 23)
(19,5,16,18 49)
(19,20 NULL)
(19,21 NULL)
(19,22 NULL)
(19,5,16,10,1,12,3,23 66)
(19,27,13,4,17,24 32)
(19,27,25 43)
(19,5,16,10,1,12,3,23,9,26 131)
(19,27 6)
(20,23,19,5,16,10,1 59)
(20,2 31)
(20,23,9,26,12,3 76)
(20,23,19,27,13,4 53)
(20,23,19,5 26)
(20,2,6 79)
(20,2,7 61)
(20,8 NULL)
(20,23,9 42)
(20,23,19,5,16,10 59)
(20,11 NULL)
(20,23,9,26,12 72)
(20,23,19,27,13 37)
(20,23,19,27,13,4,17,24,14 47)
(20,2,6,15 80)
(20,23,19,5,16 55)
(20,23,19,27,13,4,17 48)
(20,23,19,5,16,18 74)
(20,23,19 25)
(20,21 NULL)
(20,22 NULL)
(20,23 6)
(20,23,19,27,13,4,17,24 57)
(20,23,19,27,25 68)
(20,23,9,26 71)
(20,23,19,27 31)
(21,10,1 11)
(21,10,4,17,27,25,2 97)
(21,10,1,12,3 29)
(21,10,4 10)
(21,6,19,5 9)
(21,6 17)
(21,10,4,17,27,25,2,7 127)
(21,8 NULL)
(21,10,1,12,3,23,9 79)
(21,10 11)
(21,11 NULL)
(21,10,1,12 25)
(21,10,4,17,27,13 20)
(21,10,4,17,24,14 4)
(21,6,15 18)
(21,10,4,17,24,16 12)
(21,10,4,17 5)
(21,10,4,17,24,16,18 31)
(21,6,19 8)
(21,20 NULL)
(21,22 NULL)
(21,10,1,12,3,23 43)
(21,10,4,17,24 14)
(21,10,4,17,27,25 51)
(21,10,1,12,3,23,9,26 108)
(21,10,4,17,27 14)
(22,24,16,10,1 20)
(22,24,16,10,4,17,27,25,2 106)
(22,24,16,10,1,12,3 38)
(22,24,16,10,4 19)
(22,24,16,10,1,12,3,23,19,5 72)
(22,24,16,10,4,17,27,25,2,6 154)
(22,24,16,10,4,17,27,25,2,7 136)
(22,8 NULL)
(22,24,16,10,1,12,3,23,9 88)
(22,24,16,10 20)
(22,11 NULL)
(22,24,16,10,1,12 34)
(22,24,16,10,4,17,27,13 29)
(22,24,14 8)
(22,24,16,10,4,17,27,25,2,6,15 155)
(22,24,16 16)
(22,24,16,10,4,17 14)
(22,24,16,18 35)
(22,24,16,10,1,12,3,23,19 71)
(22,20 NULL)
(22,21 NULL)
(22,24,16,10,1,12,3,23 52)
(22,24 18)
(22,24,16,10,4,17,27,25 60)
(22,24,16,10,1,12,3,23,9,26 117)
(22,24,16,10,4,17,27 23)
(23,19,5,16,10,1 53)
(23,19,27,25,2 108)
(23,9,26,12,3 70)
(23,19,27,13,4 47)
(23,19,5 20)
(23,19,27,25,2,6 156)
(23,19,27,25,2,7 138)
(23,8 NULL)
(23,9 36)
(23,19,5,16,10 53)
(23,11 NULL)
(23,9,26,12 66)
(23,19,27,13 31)
(23,19,27,13,4,17,24,14 41)
(23,19,27,25,2,6,15 157)
(23,19,5,16 49)
(23,19,27,13,4,17 42)
(23,19,5,16,18 68)
(23,19 19)
(23,20 NULL)
(23,21 NULL)
(23,22 NULL)
(23,19,27,13,4,17,24 51)
(23,19,27,25 62)
(23,9,26 65)
(23,19,27 25)
(24,16,10,1 2)
(24,16,10,4,17,27,25,2 88)
(24,16,10,1,12,3 20)
(24,16,10,4 1)
(24,16,10,1,12,3,23,19,5 54)
(24,16,10,4,17,27,25,2,6 136)
(24,16,10,4,17,27,25,2,7 118)
(24,8 NULL)
(24,16,10,1,12,3,23,9 70)
(24,16,10 2)
(24,11 NULL)
(24,16,10,1,12 16)
(24,16,10,4,17,27,13 11)
(24,14 -10)
(24,16,10,4,17,27,25,2,6,15 137)
(24,16 -2)
(24,16,10,4,17 -4)
(24,16,18 17)
(24,16,10,1,12,3,23,19 53)
(24,20 NULL)
(24,21 NULL)
(24,22 NULL)
(24,16,10,1,12,3,23 34)
(24,16,10,4,17,27,25 42)
(24,16,10,1,12,3,23,9,26 99)
(24,16,10,4,17,27 5)
(25,24,16,10,1 -5)
(25,2 46)
(25,24,16,10,1,12,3 13)
(25,24,16,10,4 -6)
(25,24,16,10,1,12,3,23,19,5 47)
(25,2,6 94)
(25,2,7 76)
(25,8 NULL)
(25,24,16,10,1,12,3,23,9 63)
(25,24,16,10 -5)
(25,11 NULL)
(25,24,16,10,1,12 9)
(25,24,16,10,4,17,27,13 4)
(25,24,14 -17)
(25,2,6,15 95)
(25,24,16 -9)
(25,24,16,10,4,17 -11)
(25,24,16,18 10)
(25,24,16,10,1,12,3,23,19 46)
(25,20 NULL)
(25,21 NULL)
(25,22 NULL)
(25,24,16,10,1,12,3,23 27)
(25,24 -7)
(25,24,16,10,1,12,3,23,9,26 92)
(25,24,16,10,4,17,27 -2)
(26,24,16,10,1 4)
(26,24,16,10,4,17,27,25,2 90)
(26,12,3 5)
(26,24,16,10,4 3)
(26,12,3,23,19,5 39)
(26,24,16,10,4,17,27,25,2,6 138)
(26,24,16,10,4,17,27,25,2,7 120)
(26,8 NULL)
(26,12,3,23,9 55)
(26,24,16,10 4)
(26,11 NULL)
(26,12 1)
(26,24,16,10,4,17,27,13 13)
(26,24,14 -8)
(26,24,16,10,4,17,27,25,2,6,15 139)
(26,24,16 0)
(26,24,16,10,4,17 -2)
(26,24,16,18 19)
(26,12,3,23,19 38)
(26,20 NULL)
(26,21 NULL)
(26,22 NULL)
(26,12,3,23 19)
(26,24 2)
(26,24,16,10,4,17,27,25 44)
(26,24,16,10,4,17,27 7)
(27,13,4,17,24,16,10,1 28)
(27,25,2 83)
(27,13,4,17,24,16,10,1,12,3 46)
(27,13,4 22)
(27,13,4,17,24,16,10,1,12,3,23,19,5 80)
(27,25,2,6 131)
(27,25,2,7 113)
(27,8 NULL)
(27,13,4,17,24,16,10,1,12,3,23,9 96)
(27,13,4,17,24,16,10 28)
(27,11 NULL)
(27,13,4,17,24,16,10,1,12 42)
(27,13 6)
(27,13,4,17,24,14 16)
(27,25,2,6,15 132)
(27,13,4,17,24,16 24)
(27,13,4,17 17)
(27,13,4,17,24,16,18 43)
(27,13,4,17,24,16,10,1,12,3,23,19 79)
(27,20 NULL)
(27,21 NULL)
(27,22 NULL)
(27,13,4,17,24,16,10,1,12,3,23 60)
(27,13,4,17,24 26)
(27,25 37)
(27,13,4,17,24,16,10,1,12,3,23,9,26 125)
