(1,2 NULL)
(1,3 NULL)
(1,4 NULL)
(1,5 NULL)
(1,6 NULL)
(1,8,14,27,26,18,23,21,7 167)
(1,8 34)
(1,9 NULL)
(1,10 NULL)
(1,11 NULL)
(1,12 NULL)
(1,13 NULL)
(1,8,14 42)
(1,15 NULL)
(1,16 NULL)
(1,17 NULL)
(1,8,14,27,26,18 103)
(1,19 NULL)
(1,20 NULL)
(1,8,14,27,26,18,23,21 176)
(1,22 NULL)
(1,8,14,27,26,18,23 132)
(1,24 NULL)
(1,25 NULL)
(1,8,14,27,26 104)
(1,8,14,27 77)
(2,1 29)
(2,3 NULL)
(2,4 NULL)
(2,5 NULL)
(2,6 NULL)
(2,1,8,14,27,26,18,23,21,7 196)
(2,1,8 63)
(2,9 NULL)
(2,10 NULL)
(2,11 NULL)
(2,12 NULL)
(2,13 NULL)
(2,1,8,14 71)
(2,15 NULL)
(2,16 NULL)
(2,17 NULL)
(2,1,8,14,27,26,18 132)
(2,19 NULL)
(2,20 NULL)
(2,1,8,14,27,26,18,23,21 205)
(2,22 NULL)
(2,1,8,14,27,26,18,23 161)
(2,24 NULL)
(2,25 NULL)
(2,1,8,14,27,26 133)
(2,1,8,14,27 106)
(3,1 NULL)
(3,2 NULL)
(3,4 NULL)
(3,25,5 16)
(3,6 NULL)
(3,7 NULL)
(3,8 NULL)
(3,9 NULL)
(3,10 NULL)
(3,11 NULL)
(3,12 NULL)
(3,13 NULL)
(3,14 NULL)
(3,15 NULL)
(3,16 NULL)
(3,17 NULL)
(3,18 NULL)
(3,19 NULL)
(3,20 NULL)
(3,21 NULL)
(3,22 NULL)
(3,23 NULL)
(3,24 NULL)
(3,25 1)
(3,26 NULL)
(3,27 NULL)
(4,1 NULL)
(4,2 NULL)
(4,3 NULL)
(4,5 NULL)
(4,6 NULL)
(4,21,7 35)
(4,8 NULL)
(4,9 NULL)
(4,10 NULL)
(4,11 NULL)
(4,12 NULL)
(4,13 NULL)
(4,14 NULL)
(4,15 NULL)
(4,16 NULL)
(4,17 NULL)
(4,18 NULL)
(4,19 NULL)
(4,20 NULL)
(4,21 44)
(4,22 NULL)
(4,21,7,23 33)
(4,24 NULL)
(4,25 NULL)
(4,26 NULL)
(4,27 NULL)
(5,1 NULL)
(5,2 NULL)
(5,3 0)
(5,4 NULL)
(5,6 NULL)
(5,7 NULL)
(5,8 NULL)
(5,9 NULL)
(5,10 NULL)
(5,11 NULL)
(5,12 NULL)
(5,13 NULL)
(5,14 NULL)
(5,15 NULL)
(5,16 NULL)
(5,17 NULL)
(5,18 NULL)
(5,19 NULL)
(5,20 NULL)
(5,21 NULL)
(5,22 NULL)
(5,23 NULL)
(5,24 NULL)
(5,3,25 1)
(5,26 NULL)
(5,27 NULL)
(6,1 NULL)
(6,2 NULL)
(6,3 NULL)
(6,16,4 -16)
(6,5 NULL)
(6,16,4,21,7 19)
(6,8 NULL)
(6,9 NULL)
(6,10 NULL)
(6,11 NULL)
(6,12 NULL)
(6,13 NULL)
(6,14 NULL)
(6,15 NULL)
(6,16 -7)
(6,17 NULL)
(6,18 NULL)
(6,19 NULL)
(6,20 NULL)
(6,16,4,21 28)
(6,22 NULL)
(6,16,4,21,7,23 17)
(6,24 NULL)
(6,25 NULL)
(6,26 NULL)
(6,27 NULL)
(7,1 NULL)
(7,2 NULL)
(7,3 NULL)
(7,4 NULL)
(7,5 NULL)
(7,6 NULL)
(7,8 NULL)
(7,9 NULL)
(7,10 NULL)
(7,11 NULL)
(7,12 NULL)
(7,13 NULL)
(7,14 NULL)
(7,15 NULL)
(7,16 NULL)
(7,17 NULL)
(7,18 NULL)
(7,19 NULL)
(7,20 NULL)
(7,23,21 42)
(7,22 NULL)
(7,23 -2)
(7,24 NULL)
(7,25 NULL)
(7,26 NULL)
(7,27 NULL)
(8,1 NULL)
(8,2 NULL)
(8,3 NULL)
(8,4 NULL)
(8,5 NULL)
(8,6 NULL)
(8,14,27,26,18,23,21,7 133)
(8,9 NULL)
(8,10 NULL)
(8,11 NULL)
(8,12 NULL)
(8,13 NULL)
(8,14 8)
(8,15 NULL)
(8,16 NULL)
(8,17 NULL)
(8,14,27,26,18 69)
(8,19 NULL)
(8,20 NULL)
(8,14,27,26,18,23,21 142)
(8,22 NULL)
(8,14,27,26,18,23 98)
(8,24 NULL)
(8,25 NULL)
(8,14,27,26 70)
(8,14,27 43)
(9,1 NULL)
(9,2 NULL)
(9,3 NULL)
(9,4 49)
(9,5 NULL)
(9,6 NULL)
(9,4,21,7 84)
(9,8 NULL)
(9,10 NULL)
(9,11 NULL)
(9,12 NULL)
(9,13 NULL)
(9,14 NULL)
(9,15 NULL)
(9,16 NULL)
(9,17 NULL)
(9,18 NULL)
(9,19 NULL)
(9,20 NULL)
(9,4,21 93)
(9,22 NULL)
(9,4,21,7,23 82)
(9,24 NULL)
(9,25 NULL)
(9,26 NULL)
(9,27 NULL)
(10,15,2,1 52)
(10,15,2 23)
(10,3 NULL)
(10,4 NULL)
(10,5 NULL)
(10,6 NULL)
(10,15,2,1,8,14,27,26,18,23,21,7 219)
(10,15,2,1,8 86)
(10,9 NULL)
(10,11 NULL)
(10,12 NULL)
(10,13 NULL)
(10,15,2,1,8,14 94)
(10,15 -8)
(10,16 NULL)
(10,17 NULL)
(10,15,2,1,8,14,27,26,18 155)
(10,19 NULL)
(10,20 NULL)
(10,15,2,1,8,14,27,26,18,23,21 228)
(10,22 NULL)
(10,15,2,1,8,14,27,26,18,23 184)
(10,24 NULL)
(10,25 NULL)
(10,15,2,1,8,14,27,26 156)
(10,15,2,1,8,14,27 129)
(11,1 NULL)
(11,2 NULL)
(11,3 25)
(11,4 NULL)
(11,3,25,5 41)
(11,6 NULL)
(11,7 NULL)
(11,8 NULL)
(11,9 NULL)
(11,10 NULL)
(11,12 NULL)
(11,13 NULL)
(11,14 NULL)
(11,15 NULL)
(11,16 NULL)
(11,17 NULL)
(11,18 NULL)
(11,19 NULL)
(11,20 NULL)
(11,21 NULL)
(11,22 NULL)
(11,23 NULL)
(11,24 NULL)
(11,3,25 26)
(11,26 NULL)
(11,27 NULL)
(12,13,15,2,1 102)
(12,13,15,2 73)
(12,3 NULL)
(12,4 NULL)
(12,5 NULL)
(12,6 NULL)
(12,13,15,2,1,8,14,27,26,18,23,21,7 269)
(12,13,15,2,1,8 136)
(12,9 NULL)
(12,10 NULL)
(12,11 NULL)
(12,13 -2)
(12,13,15,2,1,8,14 144)
(12,13,15 42)
(12,16 NULL)
(12,17 NULL)
(12,13,15,2,1,8,14,27,26,18 205)
(12,19 NULL)
(12,20 NULL)
(12,13,15,2,1,8,14,27,26,18,23,21 278)
(12,22 NULL)
(12,13,15,2,1,8,14,27,26,18,23 234)
(12,24 NULL)
(12,25 NULL)
(12,13,15,2,1,8,14,27,26 206)
(12,13,15,2,1,8,14,27 179)
(13,15,2,1 104)
(13,15,2 75)
(13,3 NULL)
(13,4 NULL)
(13,5 NULL)
(13,6 NULL)
(13,15,2,1,8,14,27,26,18,23,21,7 271)
(13,15,2,1,8 138)
(13,9 NULL)
(13,10 NULL)
(13,11 NULL)
(13,12 NULL)
(13,15,2,1,8,14 146)
(13,15 44)
(13,16 NULL)
(13,17 NULL)
(13,15,2,1,8,14,27,26,18 207)
(13,19 NULL)
(13,20 NULL)
(13,15,2,1,8,14,27,26,18,23,21 280)
(13,22 NULL)
(13,15,2,1,8,14,27,26,18,23 236)
(13,24 NULL)
(13,25 NULL)
(13,15,2,1,8,14,27,26 208)
(13,15,2,1,8,14,27 181)
(14,1 NULL)
(14,2 NULL)
(14,3 NULL)
(14,4 NULL)
(14,5 NULL)
(14,6 NULL)
(14,27,26,18,23,21,7 125)
(14,8 NULL)
(14,9 NULL)
(14,10 NULL)
(14,11 NULL)
(14,12 NULL)
(14,13 NULL)
(14,15 NULL)
(14,16 NULL)
(14,17 NULL)
(14,27,26,18 61)
(14,19 NULL)
(14,20 NULL)
(14,27,26,18,23,21 134)
(14,22 NULL)
(14,27,26,18,23 90)
(14,24 NULL)
(14,25 NULL)
(14,27,26 62)
(14,27 35)
(15,2,1 60)
(15,2 31)
(15,3 NULL)
(15,4 NULL)
(15,5 NULL)
(15,6 NULL)
(15,2,1,8,14,27,26,18,23,21,7 227)
(15,2,1,8 94)
(15,9 NULL)
(15,10 NULL)
(15,11 NULL)
(15,12 NULL)
(15,13 NULL)
(15,2,1,8,14 102)
(15,16 NULL)
(15,17 NULL)
(15,2,1,8,14,27,26,18 163)
(15,19 NULL)
(15,20 NULL)
(15,2,1,8,14,27,26,18,23,21 236)
(15,22 NULL)
(15,2,1,8,14,27,26,18,23 192)
(15,24 NULL)
(15,25 NULL)
(15,2,1,8,14,27,26 164)
(15,2,1,8,14,27 137)
(16,1 NULL)
(16,2 NULL)
(16,3 NULL)
(16,4 -9)
(16,5 NULL)
(16,6 NULL)
(16,4,21,7 26)
(16,8 NULL)
(16,9 NULL)
(16,10 NULL)
(16,11 NULL)
(16,12 NULL)
(16,13 NULL)
(16,14 NULL)
(16,15 NULL)
(16,17 NULL)
(16,18 NULL)
(16,19 NULL)
(16,20 NULL)
(16,4,21 35)
(16,22 NULL)
(16,4,21,7,23 24)
(16,24 NULL)
(16,25 NULL)
(16,26 NULL)
(16,27 NULL)
(17,1 NULL)
(17,2 NULL)
(17,3 NULL)
(17,4 NULL)
(17,5 NULL)
(17,6 NULL)
(17,18,23,21,7 95)
(17,8 NULL)
(17,9 NULL)
(17,10 NULL)
(17,11 NULL)
(17,12 NULL)
(17,13 NULL)
(17,14 NULL)
(17,15 NULL)
(17,16 NULL)
(17,18 31)
(17,19 NULL)
(17,20 NULL)
(17,18,23,21 104)
(17,22 NULL)
(17,18,23 60)
(17,24 NULL)
(17,25 NULL)
(17,26 NULL)
(17,27 NULL)
(18,1 NULL)
(18,2 NULL)
(18,3 NULL)
(18,4 NULL)
(18,5 NULL)
(18,6 NULL)
(18,23,21,7 64)
(18,8 NULL)
(18,9 NULL)
(18,10 NULL)
(18,11 NULL)
(18,12 NULL)
(18,13 NULL)
(18,14 NULL)
(18,15 NULL)
(18,16 NULL)
(18,17 NULL)
(18,19 NULL)
(18,20 NULL)
(18,23,21 73)
(18,22 NULL)
(18,23 29)
(18,24 NULL)
(18,25 NULL)
(18,26 NULL)
(18,27 NULL)
(19,1 NULL)
(19,2 NULL)
(19,5,3 31)
(19,4 NULL)
(19,5 31)
(19,6 NULL)
(19,7 NULL)
(19,8 NULL)
(19,9 NULL)
(19,10 NULL)
(19,11 NULL)
(19,12 NULL)
(19,13 NULL)
(19,14 NULL)
(19,15 NULL)
(19,16 NULL)
(19,17 NULL)
(19,18 NULL)
(19,20 NULL)
(19,21 NULL)
(19,22 NULL)
(19,23 NULL)
(19,24 NULL)
(19,5,3,25 32)
(19,26 NULL)
(19,27 NULL)
(20,1 NULL)
(20,2 NULL)
(20,11,3 39)
(20,4 NULL)
(20,11,3,25,5 55)
(20,6 NULL)
(20,7 NULL)
(20,8 NULL)
(20,9 NULL)
(20,10 NULL)
(20,11 14)
(20,12 NULL)
(20,13 NULL)
(20,14 NULL)
(20,15 NULL)
(20,16 NULL)
(20,17 NULL)
(20,18 NULL)
(20,19 NULL)
(20,21 NULL)
(20,22 NULL)
(20,23 NULL)
(20,24 NULL)
(20,11,3,25 40)
(20,26 NULL)
(20,27 NULL)
(21,1 NULL)
(21,2 NULL)
(21,3 NULL)
(21,4 NULL)
(21,5 NULL)
(21,6 NULL)
(21,7 -9)
(21,8 NULL)
(21,9 NULL)
(21,10 NULL)
(21,11 NULL)
(21,12 NULL)
(21,13 NULL)
(21,14 NULL)
(21,15 NULL)
(21,16 NULL)
(21,17 NULL)
(21,18 NULL)
(21,19 NULL)
(21,20 NULL)
(21,22 NULL)
(21,7,23 -11)
(21,24 NULL)
(21,25 NULL)
(21,26 NULL)
(21,27 NULL)
(22,1 NULL)
(22,2 NULL)
(22,3 NULL)
(22,16,4 -9)
(22,5 NULL)
(22,6 NULL)
(22,16,4,21,7 26)
(22,8 NULL)
(22,9 NULL)
(22,10 NULL)
(22,11 NULL)
(22,12 NULL)
(22,13 NULL)
(22,14 NULL)
(22,15 NULL)
(22,16 0)
(22,17 NULL)
(22,18 NULL)
(22,19 NULL)
(22,20 NULL)
(22,16,4,21 35)
(22,16,4,21,7,23 24)
(22,24 NULL)
(22,25 NULL)
(22,26 NULL)
(22,27 NULL)
(23,1 NULL)
(23,2 NULL)
(23,3 NULL)
(23,4 NULL)
(23,5 NULL)
(23,6 NULL)
(23,21,7 35)
(23,8 NULL)
(23,9 NULL)
(23,10 NULL)
(23,11 NULL)
(23,12 NULL)
(23,13 NULL)
(23,14 NULL)
(23,15 NULL)
(23,16 NULL)
(23,17 NULL)
(23,18 NULL)
(23,19 NULL)
(23,20 NULL)
(23,21 44)
(23,22 NULL)
(23,24 NULL)
(23,25 NULL)
(23,26 NULL)
(23,27 NULL)
(24,10,15,2,1 66)
(24,10,15,2 37)
(24,3 NULL)
(24,4 NULL)
(24,5 NULL)
(24,6 NULL)
(24,10,15,2,1,8,14,27,26,18,23,21,7 233)
(24,10,15,2,1,8 100)
(24,9 NULL)
(24,10 14)
(24,11 NULL)
(24,12 NULL)
(24,13 NULL)
(24,10,15,2,1,8,14 108)
(24,10,15 6)
(24,16 NULL)
(24,17 NULL)
(24,10,15,2,1,8,14,27,26,18 169)
(24,19 NULL)
(24,20 NULL)
(24,10,15,2,1,8,14,27,26,18,23,21 242)
(24,22 NULL)
(24,10,15,2,1,8,14,27,26,18,23 198)
(24,25 NULL)
(24,10,15,2,1,8,14,27,26 170)
(24,10,15,2,1,8,14,27 143)
(25,1 NULL)
(25,2 NULL)
(25,5,3 15)
(25,4 NULL)
(25,5 15)
(25,6 NULL)
(25,7 NULL)
(25,8 NULL)
(25,9 NULL)
(25,10 NULL)
(25,11 NULL)
(25,12 NULL)
(25,13 NULL)
(25,14 NULL)
(25,15 NULL)
(25,16 NULL)
(25,17 NULL)
(25,18 NULL)
(25,19 NULL)
(25,20 NULL)
(25,21 NULL)
(25,22 NULL)
(25,23 NULL)
(25,24 NULL)
(25,26 NULL)
(25,27 NULL)
(26,1 NULL)
(26,2 NULL)
(26,3 NULL)
(26,4 NULL)
(26,5 NULL)
(26,6 NULL)
(26,18,23,21,7 63)
(26,8 NULL)
(26,9 NULL)
(26,10 NULL)
(26,11 NULL)
(26,12 NULL)
(26,13 NULL)
(26,14 NULL)
(26,15 NULL)
(26,16 NULL)
(26,17 NULL)
(26,18 -1)
(26,19 NULL)
(26,20 NULL)
(26,18,23,21 72)
(26,22 NULL)
(26,18,23 28)
(26,24 NULL)
(26,25 NULL)
(26,27 NULL)
(27,1 NULL)
(27,2 NULL)
(27,3 NULL)
(27,4 NULL)
(27,5 NULL)
(27,6 NULL)
(27,26,18,23,21,7 90)
(27,8 NULL)
(27,9 NULL)
(27,10 NULL)
(27,11 NULL)
(27,12 NULL)
(27,13 NULL)
(27,14 NULL)
(27,15 NULL)
(27,16 NULL)
(27,17 NULL)
(27,26,18 26)
(27,19 NULL)
(27,20 NULL)
(27,26,18,23,21 99)
(27,22 NULL)
(27,26,18,23 55)
(27,24 NULL)
(27,25 NULL)
(27,26 27)
