32606
31529
28117
5748
27287
10172
20217
31642
9410
186
18339
14640
11456
10429
8405
8894
27536
10858
19569
8501
7410
26641
291
4885
18098
24328
8131
13816
32069
29228
26481
16443
27579
27526
11384
32433
6039
31570
23461
17349
1832
11596
2771
5256
17673
23811
18506
15183
7155
27260
272
1751
12347
21716
31963
21549
19025
11263
27074
19199
22284
25690
9292
27223
12883
1067
20440
8852
24499
24954
28609
12009
4154
12177
27915
29967
14157
9478
5566
22330
2456
24965
14159
24596
9663
29505
29050
12619
26603
12702
16273
18635
146
15582
15890
21025
18217
2333
5998
28885
12296
30067
14065
31658
24532
30805
4343
28382
19194
27963
16176
5069
19830
13853
30147
26351
25766
10997
26575
13338
19514
2590
16912
17995
24942
24700
4559
13684
2067
8195
29332
2108
13078
17342
3473
25562
1088
13027
8630
22473
1141
26147
32764
32692
5107
9655
12641
32411
27327
30438
19199
22963
15364
11861
22314
24664
29561
14358
1115
23845
3983
7308
17515
3113
21920
4583
25901
31732
1131
24975
21491
12254
5635
16921
14910
5204
4629
13814
4663
391
29545
10282
14231
16870
14090
29478
8448
12874
24915
26028
20311
32239
14042
9567
5931
587
18262
22370
32587
8722
29358
30451
7244
7735
21474
20891
27668
11691
9959
16848
11773
6316
14159
20868
21221
32173
21877
28399
26039
13678
356
13941
14248
27268
6262
23486
4158
3758
7218
31808
24900
5491
47
2922
21195
31280
21187
27952
28141
11586
6163
26428
6649
6711
2897
31569
22967
28840
25319
24086
23201
4003
31717
20572
17114
7814
6455
3669
6814
7225
30449
28984
16316
29783
18006
17606
27146
28277
13004
26181
6711
1345
31002
4928
26316
19414
4901
24169
26921
8834
29821
15724
28277
4822
7958
14026
26898
5611
16742
9176
6501
3052
1194
21331
15295
6533
31964
14914
25183
3490
7047
903
3462
4132
23750
16717
19034
6058
11929
27921
13287
5715
27626
19421
15248
9690
17553
23870
18526
31371
31468
29560
19717
2785
30149
22385
2944
15476
10269
11355
11551
8898
3662
5679
4882
21149
26008
15330
8671
9555
25485
29311
30052
4322
5604
5377
14751
25748
7414
19225
2070
15184
2060
30646
24465
29580
8133
9793
13550
6204
18782
6128
21607
15432
25043
27303
1605
891
4603
582
12441
32698
28694
5764
18290
1496
18631
24025
9682
5055
373
8462
23137
10869
15434
25410
23540
13373
28508
18371
1027
29642
7422
2013
8421
32387
30582
20493
21326
19622
21392
1045
1761
21076
30497
7913
23711
2672
25432
15768
26899
23048
15149
10163
19377
13598
26832
10617
32537
16190
23801
5095
7428
8787
27689
2294
2307
820
6940
12604
25287
18243
20418
22387
217
21830
29545
31375
10684
5390
19587
11199
23885
5612
3800
19817
3103
22224
30672
3500
14804
15436
14203
25034
23600
30650
9485
22775
6637
19904
15015
8446
30212
16427
7578
2067
28601
17483
31303
9677
10017
19859
15915
9605
17523
2358
5000
30865
23607
27728
29021
1146
2874
30249
13181
21033
4486
16242
23616
18961
29618
11543
27640
16777
12573
28550
7876
24283
26704
10736
4227
20664
26643
15492
5871
9224
27242
1169
21414
11921
12732
8054
6074
12918
25113
32188
27091
27495
8713
21613
12730
11319
16682
27560
1881
21583
8272
1462
14751
2049
31490
16048
11734
2659
8338
19229
15537
15116
17123
31092
18265
21972
30937
16226
8477
25200
23323
5366
15889
14437
22699
18545
14851
31266
1635
16111
9640
32515
15295
18553
30657
16887
5921
7178
26601
2777
2279
67
8925
17548
21353
8152
18442
25937
8113
13345
9703
18020
19311
27878
188
24429
31933
19119
563
7394
31636
32673
30798
9016
27351
29883
638
16038
32269
6332
14877
9824
9596
26498
23497
26028
4708
31905
19059
29915
836
25453
12917
17183
1918
4024
24156
24082
7728
12106
24378
32087
19483
23011
28085
29190
4754
5218
25119
27976
12498
21747
4570
23372
27356
6643
506
6577
29896
29340
9872
9280
21176
23760
1818
6871
16121
13015
14714
30956
12236
14456
14311
2632
17448
32095
24741
11623
5324
24033
7934
11773
25798
30656
1815
24863
6207
10481
4503
22677
32476
5410
7991
31532
13742
9764
20274
17315
8444
14054
971
26890
19389
26112
10134
28287
11581
19288
24913
24955
25802
25873
2916
12029
27816
6746
20419
14517
16539
26241
27601
27082
7654
29953
24079
20669
18876
18624
7073
8395
19142
28614
2120
15581
29343
12279
19990
11328
23499
1050
25337
30581
18186
18015
7737
10651
26231
21178
23406
13158
3126
24150
6640
19176
12768
15007
3087
7961
92
22852
9605
14086
15424
29927
4660
28676
3228
56
419
26255
17168
6121
12856
4041
14088
23996
643
24361
14526
24436
8347
4279
31750
21050
14352
12373
26864
22880
20766
8172
5718
11321
12329
17159
28142
19718
22309
24462
31636
21050
25917
32546
17302
10371
4967
11453
3301
23074
26394
9589
15521
10698
30423
29676
24257
6765
28901
23271
13626
19348
21138
24754
10498
19572
225
16579
2411
1615
9038
7758
26259
11606
20866
16516
615
29148
30425
17828
16518
8788
20684
16523
18455
7798
29415
21689
21012
23641
1010
26924
4872
28934
14630
14727
5174
23588
11173
5619
4123
24675
20583
16430
31439
31932
2910
5027
14275
1896
17064
31464
29608
443
30992
8805
22834
22656
6225
23486
15902
23504
12210
5145
10280
6032
28631
23667
10175
29426
6399
26317
1345
31581
17711
6554
11638
11283
19013
4245
813
6544
7258
31592
6278
18844
173
21355
10891
17381
2461
2716
2652
29980
21643
4991
30147
19169
2077
18998
171
16030
168
12355
171
7274
8943
2595
13622
7902
6722
25044
17291
19390
18106
32507
4317
10098
24280
15377
5740
219
28239
14409
11215
12771
27075
12388
5729
17730
26968
16274
8577
10613
25656
26153
26616
5816
30865
11000
29118
683
13478
1778
10913
25422
29145
13714
6311
16522
18366
1670
22601
8482
28114
25129
14184
21563
16844
5830
30566
7075
4073
32315
8931
27359
2622
4689
24826
15227
14503
29673
11703
30946
4342
8032
16360
5454
3571
20150
9899
32645
11500
30850
1515
1360
6483
2214
7464
21372
24297
31369
11013
21531
32257
12019
23080
7812
14428
8738
13647
25297
7833
30830
1592
10618
3143
18948
4453
29306
30724
291
11566
23477
24026
28097
0
31114
14770
18363
14751
28125
8342
4278
25604
14482
2048
2846
24878
12823
22864
30135
25783
12494
24652
28633
4565
29663
23531
22158
2250
19941
28052
20999
13540
19235
28833
17226
17387
13646
2837
798
10554
4734
3263
25894
4201
2224
5658
20827
8664
5772
19337
2466
26933
18029
28095
23130
28895
13943
26717
18130
2709
14224
1608
32057
6650
22979
5780
21234
4143
19546
19335
10969
18028
7285
9522
7263
32456
15882
21387
27326
30712
6742
13315
14141
15491
5658
13947
3674
32603
20431
8837
20255
2526
2238
11307
9702
23699
23002
16121
29558
26006
8598
14335
16329
15476
24091
7481
318
22488
4434
23339
30465
26201
16701
21070
453
7750
21109
27069
14479
3349
23652
19642
21228
24284
17483
8552
22458
32321
30149
14812
22132
10551
13554
22520
17450
31485
28296
12318
31197
9679
11166
20578
27108
29767
18940
5223
8253
16887
18199
10029
16122
10514
19742
5950
21857
32348
14866
11077
31108
2663
20876
26345
28384
7934
10781
3214
9722
19467
21790
19445
17736
21370
19780
12547
21093
28901
29331
21903
14800
21694
27205
12659
19154
9082
31748
5376
23932
31132
24769
8530
15635
30958
13476
23596
22713
14142
127
22450
11049
11906
22823
25589
28993
23520
1112
4027
17666
32027
5790
32664
27716
14666
7854
9264
11681
12026
14117
23999
19733
20089
14524
2337
4884
21176
22429
22723
25814
18441
12822
11316
17655
3165
28156
1474
1642
26207
13753
2656
29090
16106
9081
12722
7542
8024
22496
12820
21370
9888
13791
432
15470
23643
2683
15160
26223
27569
15520
7306
11811
13853
4996
6707
29599
29416
7635
25777
22264
16488
16746
5873
7988
4069
8421
28566
4567
11494
18305
18796
11212
15855
23834
17586
13768
32546
23596
22846
23670
3307
23345
5019
11702
6167
16334
31725
16461
5027
23605
6764
15595
6948
7714
2974
3646
7325
16425
15442
12923
7383
17267
29970
860
27029
15266
14444
9302
1053
6267
20947
24234
20864
13346
299
11206
2406
31607
600
4533
13470
13461
8880
25130
98
1928
11033
19110
7118
13658
5798
10092
18518
25358
13128
4673
22495
2104
20970
12506
21262
27404
10001
25533
16098
2120
29660
8595
23225
26459
28470
9765
6528
28737
27748
390
10446
26688
26416
21918
375
19635
7092
20236
8537
2264
20003
5557
27149
31999
21880
2190
22750
15715
10057
6722
19650
4238
15560
9673
8830
22812
7230
29856
26955
27504
4602
18742
787
13918
11994
24242
23685
6615
28897
22210
9786
8502
20342
14312
7523
5582
18364
9701
22666
18216
16505
20165
4234
15450
20971
14111
5200
3176
7385
29951
30000
6305
6729
1447
14447
15803
10225
17857
2018
16626
29663
15789
31910
6515
1357
5454
4267
12645
10778
25774
26054
16871
23761
1799
3437
13084
19084
28137
24183
5728
31902
8257
16605
3996
19914
22022
19882
28953
7920
31793
21750
28347
28768
19654
6540
18213
20064
8785
1265
22394
24403
17007
3687
30553
118
21174
22617
25586
21556
27781
9047
23304
4232
16346
9231
1741
1673
15606
19465
31233
25806
8648
3923
22402
1096
16437
8736
17349
25386
6716
19085
32464
2103
29446
26753
29344
14090
12490
9917
2312
29017
25576
31735
7632
29059
16240
8460
15531
19770
31956
29217
16751
22216
5105
21674
22006
27715
21639
18173
165
22852
16373
6770
25657
31963
1080
26118
653
13884
7826
12579
22512
22863
30053
19549
24750
13992
21930
23332
2936
14529
1940
23537
1808
10424
24478
31089
23741
4250
32704
14491
6643
5606
2185
26734
19331
9395
18594
14883
7432
5242
8294
23195
2202
23725
25866
32367
25242
1437
13858
24567
27289
26596
23433
28326
2140
25395
25366
25973
6654
12047
13973
11738
28611
326
21878
25756
17354
29379
28287
29104
23654
27862
5159
21383
4039
8470
6954
12048
25178
9816
8903
11853
23114
11961
9024
29524
25230
14344
16035
17434
29264
26412
9545
17452
8237
7657
14595
26902
28825
4727
16346
5522
13163
7481
10117
16675
21423
3692
2066
27793
22024
19019
23249
25389
12174
31913
29682
29508
14045
5530
8504
24089
721
17207
27148
16864
25069
7911
11041
24137
30510
16917
20295
9462
1891
13250
11273
19409
11685
9080
12353
14865
1270
19583
9378
19
5577
8906
3480
13198
3937
23805
30905
19670
6725
28675
6148
23724
7105
23830
26995
13034
14779
19242
20205
16522
16126
2298
1709
5228
3969
20487
20341
14744
1526
19930
24434
31931
31653
14248
26876
32765
11877
13343
14001
23629
27178
16557
12359
6260
5688
30593
19415
28927
7196
12256
24322
21647
21957
30622
8345
32475
27576
26851
27201
12083
13620
15359
25034
10349
24012
13311
31138
31211
17654
26173
12834
4278
8312
6412
31259
15936
27221
25497
17668
9135
16326
19168
203
29892
27015
17199
18091
7568
21545
27278
7075
8982
16771
2137
18757
18119
19297
11286
12603
5072
6979
8692
5962
24177
26707
20359
18561
31082
14739
25770
17786
29506
26713
18893
28547
1024
31962
28545
12991
10529
21483
9706
20014
5200
26935
25339
10352
3644
30286
29743
19225
30125
28120
7026
28801
6617
31395
29242
30491
25891
15296
22387
143
10951
11808
26183
6794
25414
8583
1952
21761
14823
1674
20319
29910
7133
28
27043
1320
18366
11569
27384
3621
32721
21104
10905
2345
30645
29205
15961
11538
10821
20166
5615
20385
32493
21202
31263
26334
20314
25340
15318
14972
13517
14636
27227
8959
18039
3359
15601
7895
29879
7268
8819
32753
27237
23691
19757
22926
30968
12460
30457
14228
1242
21826
5511
29304
30990
15833
20906
21963
1929
11602
20957
13617
25615
31707
31592
23000
27019
32176
20288
30964
317
12308
23160
28910
4036
9460
4393
13233
11659
18886
13263
23304
4096
19037
19957
9399
10743
24913
18740
20751
7572
30925
3937
27581
17229
32558
5712
15524
5544
25013
26023
27724
17817
25195
2314
14892
16551
26283
24172
23539
28811
6616
5040
19124
9067
26591
30857
18281
66
8529
21728
5618
7421
27356
26421
28645
6203
583
4253
7284
24648
10432
21987
25098
8589
3625
8312
22144
28489
8121
14216
27019
21607
10516
445
30603
36
24715
3182
14764
11450
3406
18891
12361
626
20764
27939
5468
3287
13147
4683
29804
12688
3050
26948
2280
5880
26313
19521
1402
19426
4751
26758
10131
25266
32512
13597
17136
28181
7755
5354
6185
23946
30756
13714
172
1157
13973
22623
32536
20258
12149
11808
19559
5143
27975
23332
28661
10499
23400
16891
14382
921
12734
6961
10072
28958
21729
26615
14105
24353
18767
31785
30532
1434
14488
23112
2418
24913
15019
25361
29192
22990
3144
13858
3966
22649
10813
29460
7813
12177
14417
8810
19662
26997
4661
31031
26648
24800
7022
31506
13543
30273
628
18876
27274
21159
28192
30863
19505
1712
5205
3272
5546
17640
20630
3512
4999
30514
29841
23171
24348
17053
23736
24916
4384
22898
21263
23843
31218
25004
13939
3153
6239
19871
27280
32079
10905
24087
1567
25934
8172
5816
32692
14935
16294
5546
30111
1339
6217
32097
4103
21242
32083
5063
6597
14161
5578
1599
17275
7163
9702
31869
17734
19334
30342
19799
10210
18407
7641
18385
28603
29050
16268
29999
29430
8868
3521
13518
28260
9084
23091
31522
27077
25733
7246
24842
9280
16567
19727
3054
14211
7878
9574
23188
7389
9091
16959
18383
6586
32296
16522
21154
24142
16359
5261
1536
23881
2017
28387
19479
23928
31271
10582
18659
15452
16544
17937
9177
18953
32083
30933
12135
4289
17299
7331
27553
23220
25367
31040
21964
21286
28738
12573
14203
2748
25218
24762
20561
17036
5316
15240
5369
18307
1635
31852
5856
144
27842
1933
17308
9629
30476
25695
25825
12661
18028
27134
13026
17778
25682
6369
15627
28130
15553
10108
15332
12932
26746
17927
8300
13799
32290
13361
2265
18411
31378
3365
21192
11137
6851
30010
23246
22431
9197
21400
8264
26996
27256
11146
12119
16421
13940
14898
5220
31824
9886
11953
1864
9576
22309
26628
20276
12448
21216
24986
6761
15703
32737
14422
19636
21330
28916
13063
23912
23604
31006
10258
5330
311
24839
30110
22676
19293
5475
11849
7184
20121
6140
3684
5278
20441
29272
12899
7407
29813
5466
27780
1973
13564
6740
22202
21419
20312
31035
16955
7812
5562
10186
2247
32572
9154
5371
18881
8019
12015
26986
10808
12315
26529
10102
9222
14255
31945
2470
10062
13011
17611
4957
25448
414
12094
18327
13222
831
12195
4119
13773
14242
21865
25496
13784
2470
998
17532
30547
26931
14389
8920
25074
32355
966
1959
16570
4762
24596
6623
28494
9532
27937
14069
17176
10703
19452
10690
15965
14203
1425
25817
5184
15165
19445
12599
11541
13512
13498
25428
21199
3738
370
27295
29339
23666
28256
18726
7849
21264
7896
28059
28107
32506
18955
31009
7795
8786
22287
1480
7440
16537
29058
6442
24210
31842
30952
30461
24848
32241
29927
13433
20634
14642
22145
9749
21445
14600
4797
8865
28335
1384
23220
743
12522
19365
15420
4330
8609
16277
2697
12136
9085
20898
27817
20257
1480
26933
20509
19444
24742
22259
30996
17950
7502
25506
1148
15689
21553
15429
10959
3274
26201
22065
15359
29053
23921
14093
18522
13432
15446
19963
30543
26602
29671
15239
19456
31245
30539
3655
11162
27565
9944
14529
8232
18823
1660
25535
8696
22791
8981
31097
14723
2896
8119
11829
13250
6671
25999
15341
30764
813
7199
18646
10487
12178
11157
22994
16601
4710
29396
26611
26471
17591
18369
7701
14734
3456
23994
25094
18252
17540
12917
23981
10133
24912
24316
8126
8608
5612
14015
1657
4367
30785
20195
10709
19324
15158
30492
6917
30612
12307
4085
12637
2306
32100
6214
8299
8798
19891
22329
7717
7331
20086
25729
95
5411
22813
30717
11860
4744
3384
4409
5026
22406
26793
11504
5417
30511
5015
13249
557
5775
18675
30707
28047
14208
20862
30118
16723
24856
12386
21288
21099
31331
16293
21496
17306
6935
18687
15087
13605
28726
17835
1573
29674
15590
6634
28034
19518
12500
3442
9918
32105
20821
27708
20727
31052
9244
16825
222
4126
9638
8897
32273
2332
8054
29611
333
14616
5277
29176
3721
17261
7274
6455
6824
27705
10126
6149
20773
20247
182
30110
18970
17479
23728
23386
11346
19200
26049
18989
5539
20846
29560
18429
26649
27810
29274
25051
9351
17226
2039
31123
7518
930
5130
16456
20486
26666
21336
26306
31107
27643
10442
8359
337
25338
31096
20626
7350
29382
26611
17809
6605
32552
4374
27558
22047
14420
5269
22655
28213
3369
2569
32301
17924
21601
20394
27723
15226
21046
13675
6507
9264
4778
5447
5086
28708
12497
1096
2948
7796
28758
29729
9854
19944
24358
11424
12610
11218
17304
16925
4329
11655
23173
29264
27002
2846
9429
3997
17573
23412
23087
16369
5072
3628
13090
12977
7872
15890
26614
670
1968
23803
6923
25056
24205
32379
19968
28276
20918
6520
13612
12360
12288
11796
19811
5524
11340
20832
18557
16771
15675
8044
5111
11649
18946
26126
28400
10493
14424
21545
8272
6561
26033
28506
29094
7482
2502
32337
14988
4019
5184
6623
10139
11010
31484
5115
28226
1703
23739
3698
6797
24037
28153
6342
1480
17441
7865
27758
23704
12194
25808
2719
13985
2247
10054
5294
28772
16373
7650
13819
6010
18001
17802
22290
24711
13015
32429
19334
7921
3738
7032
23512
18406
14514
6747
13455
6454
12486
15623
12186
14866
31849
24404
25173
11304
2144
18763
12643
13051
30222
15989
27982
7925
12637
26386
11188
30931
13958
16460
4137
10557
15494
27762
1800
9779
4598
26821
10454
12707
14411
2958
14322
10802
30455
6410
4189
8437
6766
4538
9274
5641
29237
18820
26334
21241
10638
6844
28185
27779
3782
7017
8201
748
11447
25854
30454
12983
10682
7212
1820
23306
10190
12767
28145
30283
29191
4817
14540
10289
14317
29438
17400
28770
25107
15033
5263
10595
6269
14007
31829
27838
19605
6317
20301
21626
25065
9403
14045
28395
6019
14217
14325
25463
10905
10604
25703
6705
22683
2262
30130
5401
1603
13756
3881
17913
23201
20625
11612
26703
29604
29150
18930
12480
10542
12906
28768
6114
15792
3073
7032
26794
14020
12341
1687
25435
28630
19561
21063
7736
31354
29983
3273
19784
2641
8312
32451
22476
31598
28877
26809
424
30733
22563
16721
17394
9717
7806
30532
8010
7708
27692
6308
15963
15819
19192
4435
14286
7446
12827
20974
24557
28669
5372
11386
27428
23835
7111
7209
32378
15886
10267
26234
14447
27139
24230
19528
13073
3953
23166
728
2086
1176
12237
11150
18463
26332
25479
8671
12009
11956
24723
4394
25797
2218
26338
2677
30636
23006
56
3443
2583
20263
29790
26145
17299
13814
14517
24618
21976
22534
15434
26012
9462
26920
26724
15716
27988
24229
28983
23373
26666
14617
2485
7095
9456
25625
5681
27505
23962
21788
3910
13181
14884
31645
13625
11580
15680
3787
18307
19599
26358
30779
11797
22264
28335
16931
13878
10761
1899
18317
14054
16780
16515
22145
2301
5291
25939
9604
2832
8988
12846
32216
21199
2200
27533
26431
20316
1399
9897
28952
19957
25573
7110
9132
12441
31835
28852
7187
14528
31484
755
17883
6783
23962
16514
4603
14118
16511
6818
24672
27122
4272
30663
25509
27665
22015
9237
1588
19399
29746
3008
15900
2247
30148
18483
6726
7317
16851
22428
12981
18184
12269
17263
23707
23130
7381
29924
19882
27939
29853
29159
25946
19413
14384
12830
20841
13932
19925
15062
4145
17381
29103
23632
1570
16312
25168
4219
18549
23507
2295
9159
17440
2857
14151
11925
28275
20079
12268
8570
15776
1742
9536
7367
20473
29316
12055
4874
1530
17798
27703
26504
9110
26406
11868
25679
23756
26672
12814
15198
8714
16491
16609
30024
13427
17240
26899
3869
7597
23575
6110
7398
14321
12866
21761
757
149
10017
22141
13665
10710
22320
13272
8744
31035
14475
32349
5862
18418
19270
26100
27996
30378
16567
9083
27843
9632
7490
2228
11933
14373
6034
11488
32599
9030
28560
28035
23396
6662
5700
13671
14682
9527
8645
1774
10027
17407
1140
4057
31664
20437
20898
19930
4159
15328
26916
22628
24305
28433
21798
322
16006
16334
3647
17458
24648
20171
3210
23138
31166
915
18312
30345
20625
4446
16153
13063
17459
1055
29455
15560
6814
29217
28548
10196
11468
17959
21189
21432
606
20684
29248
7366
10583
14538
12183
6904
9973
18391
9007
1212
28506
6309
19674
1
1697
10269
1220
32366
15877
22429
9441
13359
13949
12126
17469
19482
27531
17817
29072
7557
7365
29532
440
14142
9349
27780
243
30468
9600
5977
23108
28840
17231
5075
24776
29962
2146
31557
23485
24871
9140
2355
29097
13015
20136
15235
9416
22878
2978
31402
22969
8042
31692
4741
4970
32010
555
15155
5878
30534
28657
6702
14468
21462
32360
10301
32229
14792
16199
22893
19996
3321
1141
10290
17813
24190
11361
5415
18376
13139
14773
14021
9875
28372
23670
26538
16784
13794
26475
21883
3266
10053
24301
9127
25837
32559
12085
29452
16712
4613
26206
22845
32704
25989
4200
12046
23600
30547
1767
13095
30578
85
9114
179
32726
4875
2980
31038
26662
2664
12342
26720
28259
29805
13708
31925
21520
14700
19498
4213
27961
27130
6116
1706
12973
6496
5564
29276
9982
22250
14706
30461
6790
7827
25107
2537
14525
16253
5001
29533
4411
18188
18774
22032
4077
15100
20746
23351
8267
12581
10142
30063
16529
13686
19950
5424
30232
15997
30762
21424
24351
28629
16593
23971
21607
26301
29018
18329
14261
5797
12795
2115
15729
11628
2490
22442
13746
23182
21692
15636
19345
13668
10015
23412
25155
25571
12681
27050
1536
6390
3976
29728
11018
9933
20674
14243
7266
18990
18654
30243
6846
4237
27850
20518
9293
21824
32205
4530
23639
28385
4110
9036
29959
4014
23329
21159
3101
20188
12817
6813
22440
20045
1746
9457
13311
591
28759
23382
10007
18835
16630
19400
30868
10671
17086
29975
32310
7102
22447
1825
26979
27650
12800
20856
15329
31353
29838
10376
5841
156
4551
13795
13400
12412
24377
11439
2578
21763
20763
21977
27906
17495
13212
29110
9149
13475
16825
15684
31380
14899
32021
9888
27142
17490
18501
9221
24718
6845
6010
8492
31080
3888
5270
13234
23666
8058
10317
4550
681
27620
8372
7947
2039
31297
17098
20733
7601
14954
4217
9235
21435
17305
21141
542
21352
16746
19560
2709
23428
2581
26013
19778
6582
9004
10503
23017
15196
676
15575
26508
2755
18596
28511
17017
3104
11411
29950
2387
29364
6354
19267
5597
26876
6311
19665
1379
30376
31409
14797
12702
20397
3476
19245
14734
5418
15353
31160
9333
32479
21292
19552
26261
14096
20450
20701
17140
14830
19958
11176
30125
23273
30987
23648
5513
10482
16617
23543
21294
18991
30184
29394
10480
19507
21722
20692
18291
26058
32551
6284
689
16430
6332
19203
26560
880
16050
19172
32017
32188
25423
10834
13027
24347
25002
31571
24332
4516
28942
12489
31200
1288
18248
7427
11829
21968
11492
7996
28064
2855
20216
20850
23450
4158
16349
28992
6866
23542
23651
7497
30230
32293
28407
5148
5514
24298
14050
31867
20506
20318
5936
4733
21913
7652
21765
26692
10966
17937
30699
14206
30046
28085
4943
14817
4562
7986
6133
12837
1922
31075
3733
32038
14149
31459
25333
15758
10122
22292
11710
23511
32605
3929
22034
16749
17715
12892
6286
28398
18462
21005
27085
7474
10298
419
17127
23218
13286
30119
27008
18639
9302
3636
22477
25715
13000
28015
29253
30042
24203
22767
26959
10974
4016
17942
14507
13748
17947
10492
1497
908
22107
1698
6169
6714
17446
16398
22554
20119
14955
6899
12102
9772
19652
13153
24348
31797
16649
21885
28725
30988
20730
25213
3612
3360
22648
14427
27085
19723
22542
2008
14973
14245
27390
21931
12652
31169
23033
7093
11581
11931
7342
23608
28487
2467
2391
12841
1129
24099
1035
31770
2484
6767
24667
12659
15575
23498
17235
25184
29899
22810
10208
20000
13826
6620
29136
8443
16854
8135
10029
28785
4764
10960
6
9618
28367
4178
1603
7414
25696
31706
7628
12391
7408
19218
28047
4843
4385
8877
10289
4647
2679
9356
2012
28098
21173
14673
16065
31164
6823
1311
11520
29570
31943
31278
495
2041
10020
30864
22933
9311
13566
22476
27298
20189
16835
1293
16829
23675
14723
31752
5944
22795
16418
252
21939
8108
7207
29960
9316
19621
23206
22783
3447
22799
22373
3812
31925
11579
13012
5219
18940
11896
22110
15958
28139
26484
5142
3171
13914
31852
16508
18837
7436
9828
6505
15744
1018
19474
8119
27521
17874
24527
2397
910
13403
15728
12461
30024
20148
31990
19919
10280
30979
5785
7619
13019
30681
22689
31231
5756
25902
31653
14036
5405
9193
1796
28279
715
23685
650
3721
3023
6499
14882
11092
7346
21773
25637
18183
13126
14609
3586
28103
7679
15491
30367
1311
1741
18634
20875
30278
21563
15858
14134
16906
21386
19388
1728
31183
27063
10080
16563
26186
5479
23381
7754
23235
11056
23019
20496
5540
16895
4497
24639
1800
21820
29658
20280
7353
10666
29370
273
7505
31414
23769
2741
17599
19022
29273
14109
10305
27766
3560
5876
28783
22385
4850
1770
32335
21739
5556
22452
6898
18774
18481
16253
28959
13585
6841
26739
25021
2962
20730
23028
31078
29260
12262
