25912
24821
6281
31461
22538
27870
11120
1487
26135
7809
30335
18498
31390
24574
14489
17399
29025
15597
21123
15650
17518
25587
19095
6220
10176
2261
27405
23381
23985
12541
20040
20482
18647
19225
7356
4437
17051
26580
17144
27702
22827
10870
8464
6823
16579
14787
13531
23186
18349
4346
1221
6627
29746
18064
17971
30215
1862
16050
8489
9143
10924
8909
6184
2621
25771
4289
1175
19063
25036
21469
17724
17464
12196
20755
4885
18895
11418
5769
8812
23329
31429
6312
28269
13887
31103
12300
14065
23180
24569
22014
26286
1141
21299
6999
20861
18956
14663
8236
1249
13704
28614
23889
11048
14973
1619
8998
31674
12048
8779
5175
32509
27089
14376
14069
14636
13170
17503
5295
26612
1350
29452
20163
26830
8843
24921
22990
16044
2633
12624
22576
19759
25959
24867
19836
6895
12720
2303
23262
27163
29316
10460
17913
21699
31552
15975
20811
993
26827
27301
5447
7762
27122
18322
9418
30916
17221
1564
29655
6362
26309
831
25463
7099
4692
16390
72
4403
9240
7608
27628
21864
4834
31771
13171
10047
20817
18620
21247
6910
4
9016
6804
18513
26957
22220
24620
2721
27185
14829
21432
28105
4473
13461
17575
8834
11204
17468
19185
19839
16245
26148
29354
29095
24710
23598
15356
21457
18950
9365
325
11252
1777
14351
17406
19229
26656
1192
11866
15937
7611
15014
25710
12415
5353
31488
30202
18613
24626
9283
6823
7133
31402
31385
25024
7501
19094
22099
12249
23190
5433
17219
31640
27923
32501
11304
17686
7490
17250
14372
927
23942
5907
19524
25555
18953
15078
27608
5572
4649
7989
32352
25166
17680
10232
7171
25066
28330
29456
23810
16698
13203
18332
6292
26187
5817
28755
15938
29826
27980
29360
13198
29514
17646
1791
3018
7150
29990
5140
4389
5858
24217
15483
31060
10968
9296
20525
27335
17707
22724
31482
32023
19930
29543
26409
7492
1340
9914
24406
19210
14755
23306
32584
19439
1028
1817
1874
17167
25693
9032
26234
15112
16440
9543
5325
29978
22513
23612
29347
17837
19017
16839
22900
8452
18645
20792
30678
17074
19784
27750
22340
19493
22315
4357
18101
26895
13862
17155
8664
290
20886
18582
19624
19008
26035
14306
10372
21574
18506
1833
26459
7571
8441
18669
16956
31871
8814
25166
17832
8026
25721
8422
20677
15100
4172
29530
197
13770
3592
19988
9616
2539
4553
12493
31734
30622
19089
11910
13044
29389
31348
5787
8802
8707
30868
17298
3876
22270
25443
2943
14413
18068
2090
25852
9247
23150
20090
25738
4457
32178
15098
17160
18074
5673
8401
18629
15148
30425
17703
28944
25304
927
2495
9995
23798
5156
4173
20849
78
21906
9465
16742
25714
21973
2692
3670
1616
8805
23800
11979
12099
8079
8719
12620
23561
18328
22198
15602
26201
20507
557
24232
21959
8815
27954
29621
30778
22599
30252
7454
17580
14565
12400
20055
26561
4948
14940
7834
1668
17155
13643
19962
30592
23027
2497
23172
7
16239
3900
3891
7488
10399
9011
19562
27145
202
26872
10707
27087
24474
5938
20864
27908
18034
13069
29467
10002
12344
31142
31144
23957
18415
27565
14277
4221
10699
27866
17712
11353
17461
1589
24219
29661
24813
11754
19874
25772
19941
6761
13981
10488
31411
19843
23466
7143
15277
27478
26643
6926
18415
27749
11395
31184
21260
4744
20244
17595
4315
30467
21403
2434
24419
13650
23177
2926
24271
17463
24064
15764
22519
24942
8872
18084
17137
18013
25843
20752
31239
16572
31963
5982
4298
25449
23359
17783
8700
4245
22288
15911
18521
16558
28164
1702
6550
10848
31404
19839
32062
1875
612
11119
29403
31623
29038
12783
5628
25022
26757
32216
14110
26020
18566
30579
17377
11535
31598
24820
18566
968
10498
12187
24843
29441
19638
4355
8492
10127
19148
3373
17259
32099
5069
293
16692
2185
314
4072
24059
6266
17057
21011
24432
5261
27438
662
23286
23968
370
2971
12974
13213
18771
23594
23716
6243
23280
32252
24079
31303
26302
18049
9598
15083
13150
10712
12909
18585
10295
16241
14998
15955
31970
18011
23234
25059
14541
28102
8525
26270
29064
9974
78
21820
887
2347
29471
2493
20892
1834
24446
2460
29494
24771
25589
437
8864
5338
22162
22932
10804
15328
18237
20874
21606
13576
24369
6168
31614
15809
20863
30983
7437
13905
16618
29647
25489
26423
22666
2325
17515
13597
31850
5327
25228
22024
30810
25920
5975
28462
18590
3755
11885
1524
21898
30808
18572
17180
13098
7075
21522
19970
31644
19620
13143
22082
3070
15525
11837
31014
7937
19066
32273
23206
6209
8832
17891
4662
1534
9683
3468
23413
25873
17066
27204
9060
10683
17351
12767
16197
20111
19556
23895
22117
18174
26811
25834
29411
17718
9227
3197
4132
27763
21495
14253
10957
28476
4407
20314
29408
29868
7344
30456
7126
20017
4102
13183
23769
20456
3823
27282
12358
24727
19867
15742
4758
10525
2052
7990
27101
18708
3686
11998
14818
20993
25170
18043
6007
29576
17082
32611
2369
3105
16683
8086
16509
24270
14285
362
23394
2984
29075
11241
3897
29614
19827
23977
11445
31540
6483
19634
17611
26398
27001
19539
20775
1030
32189
26399
16141
11925
17272
17110
30533
17024
28812
4843
13335
9980
10384
5393
24608
11544
4701
13696
31855
26730
31004
26255
30299
31103
15778
19929
14171
11505
26665
31217
1435
31081
26710
5977
20760
32282
23254
15769
4632
9011
981
15744
6758
15650
24472
27831
12351
29011
32168
10808
30442
6070
1840
25365
17306
18676
7266
30040
24981
9230
12944
15291
27813
4787
13331
13089
19442
1556
29706
32393
24239
25386
14603
30053
20577
23794
2491
28682
22452
2001
5783
25559
31479
17260
11489
15112
21035
11423
11411
1650
11327
316
20175
1229
31892
22517
20827
18167
20745
29599
4231
29132
13036
22945
17035
5770
20884
28344
24318
14618
14971
6008
27681
2368
11740
5457
20213
10554
464
946
18245
16590
20338
6707
4030
29263
8934
20609
31092
13319
23920
13616
13927
32521
21118
25171
20016
18936
25546
204
6403
2973
5165
10771
17674
27183
1605
26927
12820
20854
11553
28828
3749
22680
6597
14341
20292
14472
24972
29628
28842
24661
22501
10573
13403
20785
27902
5183
17240
5429
9194
32300
18275
16120
3739
6023
4615
13567
773
28994
22687
31027
28050
13900
29308
24041
15515
15146
6308
16056
31000
22566
25016
6171
9491
28062
28230
32114
28586
10279
9584
26258
21273
8483
24031
20744
17002
20020
30140
29478
28246
29999
5720
23962
21861
23373
1375
10277
32702
31653
12200
9824
7867
30294
14302
14941
31340
1776
5285
9641
11791
20811
9132
31090
32019
8570
1340
28842
7227
4539
14128
16241
32467
15968
9101
23459
10255
18598
11481
17018
16951
27535
5249
17817
29816
19792
27536
27391
8885
9535
6115
11206
29639
8586
31778
11320
32704
18800
25250
31982
18487
10659
27760
2204
9218
12489
2261
29705
30286
22516
32748
29845
11412
4744
15609
29030
30723
3474
2234
13267
16019
14994
20790
15691
17071
26835
28513
10615
29332
3195
2830
16394
14658
5785
23282
21674
20119
22725
2487
16919
1789
26134
1312
20599
30005
421
12643
27678
17731
350
9678
29695
25363
27263
24372
3132
346
22656
20026
24895
13461
11446
18633
7115
29695
10248
2165
30119
32211
20480
18875
29360
1405
11935
2169
13470
16977
23704
2683
12713
3602
27538
23120
28346
24283
32180
17265
17160
20215
3157
26014
25940
19268
6465
11802
5814
23976
15619
7666
15025
32039
22753
18396
22252
9665
7730
594
23368
14544
27478
7151
28337
3022
15148
13985
8157
6175
9041
6003
21734
6363
14714
2832
28295
15268
3578
22602
7452
21111
27849
27318
6889
14614
3698
22538
21431
16126
15986
12193
27831
13739
14384
11565
12343
4524
15200
3413
16501
18902
7376
3065
5009
1434
11811
20514
26632
25228
26324
8316
6561
14060
6963
24951
14682
13040
851
24326
20156
19614
13165
1944
12028
31912
26486
17300
16450
4423
17592
17656
14207
20200
15958
9670
2702
23155
794
13796
10146
5424
29750
7710
2655
12666
1025
29447
23178
12660
27206
29451
19944
28628
3064
31608
25989
24279
8221
19796
14343
22785
16913
29150
20692
6931
2878
32280
25946
4241
28709
3993
5340
18913
3749
7242
12711
1405
26106
32583
26977
9449
3424
10485
12910
11082
13742
20398
19882
16913
20093
898
18951
1706
22772
1850
21378
11863
10928
19775
24781
30486
12639
21804
31750
25553
23423
24756
25405
26030
13020
19506
9513
6453
2727
1827
13149
6523
17132
8769
18690
22444
14054
14593
17849
3639
32017
4434
3005
1216
5874
9813
2831
5958
7125
21460
13957
24597
9647
23634
11710
3176
8529
26963
11535
14344
6227
10745
29155
24686
27927
24086
31076
5215
29409
26258
29232
7282
22610
31972
2919
14064
24891
17399
16743
16732
22227
25514
667
29865
7978
18601
8463
26803
14026
2640
215
5982
4657
21564
473
17711
11269
22922
4954
17194
4577
6614
11278
5747
17101
7875
31822
2992
2734
8614
23510
32709
13778
19092
1033
2467
27274
16901
30416
15654
2292
27495
12187
3850
13409
911
25025
10278
9160
19556
11634
24503
25831
25271
4687
13802
12405
26559
18448
7509
1364
19883
19082
9525
16797
20629
30844
23366
11623
4088
29417
23006
7844
31886
26375
26234
10178
27768
1518
3943
19102
15346
32008
29682
17754
15353
7980
25893
1871
1737
21771
18262
30619
4745
27922
1911
31652
21012
7504
27027
24427
12897
6967
29386
27726
3441
4495
29673
17360
19653
16802
1652
9768
13037
13785
14948
5732
940
6116
28328
22505
19482
26500
14907
13123
1891
2676
2040
1223
31084
2393
14780
5440
14776
7017
29709
5900
26929
5168
8899
13816
4722
31130
15672
16806
25814
17189
3105
2289
18316
19533
14193
5046
28593
25968
31035
27898
4483
13903
1880
1239
1908
14059
26996
16967
13291
22564
18998
26115
8843
31013
17273
19562
17088
18548
14494
24267
12536
7034
2421
9348
21503
15113
22084
4551
21692
13540
13598
9881
19654
11895
25932
14606
10546
18272
22554
8154
9747
9436
28668
16203
22042
20543
4054
12221
26854
20912
28711
16367
23892
20910
6418
25094
4013
6499
30222
9978
4272
20057
12343
13358
22035
4209
21854
15563
28663
510
21243
27808
16466
19617
7681
1444
18489
19451
28758
17146
10312
19629
20802
30678
30516
9461
15109
30836
17978
20362
30806
19432
31521
17251
1604
19029
5472
22890
3764
4551
15246
9207
27418
2888
29135
497
31647
10809
17501
17341
10221
25121
30897
19463
30332
9983
20716
329
12307
16387
9384
5836
5827
19710
507
19692
19344
5866
8990
8221
15744
24487
18214
7841
25017
14649
16004
9683
31867
16943
15567
17140
5364
31592
5856
14903
11783
31047
13357
5450
31838
21640
25639
30975
6196
14132
516
3737
7632
21489
18070
7595
21721
23325
15483
7094
16099
5541
24099
24806
17896
19917
25966
5047
20694
790
6150
15934
26597
8705
26057
13548
26192
18570
27336
6100
20092
29741
26993
10210
1201
5877
13998
27014
32544
4721
6620
10950
22627
14401
5879
3192
18792
3396
14634
19294
2818
18567
3805
2653
5058
19906
5629
715
28156
13259
19072
6526
6911
32431
14009
28721
18639
6980
27379
2031
11451
24964
30392
24673
29470
11822
27621
19884
4358
26419
4763
24183
23643
7035
9867
2001
2771
26112
2064
13744
28960
188
31848
1680
6612
27176
10217
28579
5981
12545
25946
32299
11037
16751
6926
21633
2085
14998
22012
6796
17342
28114
11378
14234
15753
30239
22401
1923
32563
22989
13096
14301
10199
9238
29853
5160
27698
13624
18923
14549
28056
31855
7619
455
18613
16443
4627
1462
6810
21791
685
1517
32454
18889
30434
27944
23559
13610
20468
3227
31341
20911
8054
28542
9548
21790
23325
32748
19353
19160
29175
14341
4458
17181
24534
22800
4981
12189
8743
25615
23091
5503
10105
2953
20651
26011
29709
19369
14425
21264
9039
10513
17407
12110
20210
17797
7674
6469
389
14781
26542
14682
5462
22269
17190
9419
5617
6043
22925
29327
23222
15997
11398
14546
19271
2673
28882
25294
23990
25664
23634
13564
17175
29146
12941
2010
21709
29002
5858
11606
7677
13719
6970
13263
12420
28966
4336
26350
8648
29816
25991
32102
8929
20707
15071
26816
32432
24230
15912
24755
4758
6454
21493
22594
17463
31699
10868
29695
8746
1601
9161
18610
23991
903
3671
28313
30033
6527
28201
27376
10054
18967
11606
5013
24136
19757
1869
11063
26549
14565
22289
1501
14387
2911
8234
25368
24678
18007
22837
3529
30541
26536
2362
10576
13311
22994
4819
19901
21449
21301
31138
6957
28958
12456
27651
7202
6516
12378
30557
21420
2180
1764
26492
26691
23255
3499
11294
29204
11252
4270
329
16297
15992
31704
28341
1169
13554
11867
28598
7934
7820
20299
21359
20068
9601
841
4850
17117
9839
29330
21279
13120
4866
30235
25639
29439
28364
18153
21136
4033
4754
31244
13953
32611
28914
28798
24348
690
26008
11578
7340
10511
24725
9362
11297
29238
17701
27517
29342
9638
18071
1643
14890
27370
21962
27153
12930
6271
19980
32674
22982
30150
16488
26351
329
31726
1300
22401
32174
12153
18447
9753
15313
2753
13237
6048
13960
28744
22725
10283
17256
16115
16876
25956
937
11311
26971
561
3576
19434
11279
4771
14238
27025
11301
18625
13391
4503
25055
23766
11088
19613
26900
14188
1854
21064
14523
10872
30806
24004
5336
6309
28212
17569
20367
1287
9576
28663
21866
22352
16882
2279
11996
2938
29875
29037
5078
30258
24992
10747
1269
15813
7145
30067
27437
1937
5582
29452
4110
2678
1490
28737
16423
21096
15705
17626
17942
4112
4268
5166
9755
22757
21502
30964
2836
27104
26628
4238
30582
2974
25800
20228
32529
7551
7263
19454
30381
4731
30548
10510
782
1962
37
1570
24807
9813
1066
18950
12659
30098
3034
28321
21052
23580
22570
27828
27384
13951
19958
2659
5288
1496
23550
32029
31659
29711
28079
26925
6400
13927
13176
23474
11657
25769
3050
20692
11189
242
19163
12624
31531
32726
11960
8633
4804
17844
30925
11220
10417
30906
8797
30481
10037
7329
26346
14996
6677
2954
544
20507
4914
12584
12450
13758
5193
1563
30178
24770
32367
10567
7121
26658
26383
15886
27013
26214
25784
18638
31697
16877
31336
23747
6581
7447
20498
15322
4856
23365
16969
24734
14771
5171
21791
22335
18037
29904
9
15319
32253
5947
13515
28574
29590
14419
14703
18501
18277
24579
28586
19660
9407
24552
1278
32546
19724
10187
32042
13967
30278
21533
13257
18621
24358
28932
18721
29615
21024
1003
3510
19214
19932
15719
20144
10216
6030
25235
1698
14844
22483
17570
6737
29545
19161
21790
13179
14098
30237
18086
5805
600
20742
11929
17248
5583
24565
23038
17781
26638
3347
31442
2851
28769
4681
2884
25046
11171
18027
11232
12421
26540
18781
26559
24418
30240
16971
25476
16926
25973
25622
17027
8771
21150
17016
10866
32111
30331
29487
27746
27198
5103
21812
31864
28238
17684
20984
3208
16268
15296
22481
31260
23428
19673
439
20833
20252
1621
25052
1384
20255
24524
3075
20475
24949
6649
6111
29623
17596
16724
1160
10689
4530
2790
16884
9143
13583
28359
25896
4505
17599
1983
20684
18151
15000
632
22750
4541
30467
16638
305
31243
3437
19199
3436
4742
6203
8972
14964
2635
27830
19167
19038
24406
17812
2459
1109
24528
5310
11339
5820
23541
26186
15056
17307
902
3201
19052
20577
11695
8027
15340
17456
7975
3570
14513
1135
25427
17934
23033
25898
13465
32698
2476
12921
1710
24840
13835
14245
13035
15819
19497
22275
2422
24768
4943
15694
25632
26434
32676
11138
26260
14510
31786
15391
22182
1463
23709
16627
13418
18459
22821
31113
29829
20653
18513
8603
13809
17571
3569
8284
2097
3520
30232
29774
13139
4906
18355
6402
21065
21735
23327
31634
17011
24451
24597
28081
12259
17028
4072
32730
12978
6918
29339
3765
27241
31092
19014
9968
27801
11747
14277
15422
23746
16426
15940
20895
26961
18885
10433
29755
28925
12278
29027
22138
10798
7390
11483
13151
13889
17541
5341
12098
15158
28102
8714
11046
27879
19569
23353
19804
28704
23774
26025
2706
7527
25468
6711
1701
27380
12520
32304
21668
3205
27076
1616
18027
28515
22405
11561
8286
27705
3898
4863
20042
8765
16216
10398
32534
5777
18286
23686
16015
28188
20049
13060
23853
28721
7398
9102
2663
5944
22534
12795
5706
18486
28542
29403
28089
15847
28211
16739
22865
16736
23854
9022
29468
8864
28878
3944
26903
2794
13960
13301
13864
16773
10717
8220
13416
27151
25876
20741
13906
21908
14082
29039
12514
27100
5578
24026
15029
2097
6431
22742
21393
14166
28417
32505
24470
28383
17195
18937
30129
11572
29858
17284
13051
27259
22585
18481
11454
6499
32426
600
20713
21319
30782
7507
31275
17611
21118
4134
6272
22977
15697
19592
28721
25526
25706
11032
29608
3432
13839
26948
31083
9312
25093
12389
28577
88
5717
10765
6753
13861
26944
9938
27129
4958
1802
13510
14933
29527
826
18991
3109
12480
11995
11546
12355
19996
17033
19708
21293
7213
29449
31657
15138
15586
18395
12938
25264
12592
1244
20649
24631
11420
7083
29246
2856
3259
24654
16298
10843
4437
30414
4758
26991
17570
18110
30980
24108
13859
25234
22842
28983
30503
1850
28301
26000
20230
26243
1032
31893
23342
1109
15342
30609
23045
1044
1666
4259
2302
15930
17908
22888
9286
11509
9741
26449
3668
17987
24772
1375
21054
9230
13320
21887
20888
6873
20118
21994
2497
6204
22594
10716
31493
17219
23675
24524
19933
7212
5527
4252
32644
18525
23995
6425
20312
10791
20993
29635
6927
30280
16583
31618
6103
4392
4693
13050
31349
32466
4679
4932
32533
29285
6129
14097
24714
30028
7184
29757
20125
8423
31081
4114
27775
3956
17234
13959
5230
31145
22170
3870
19662
21202
789
32568
571
31563
6949
20789
25872
17561
31446
32339
15613
18322
18233
10391
19263
11354
31799
1235
17662
2946
14874
6188
1284
4429
1493
10134
11677
27414
30321
3843
976
231
32061
27026
30906
3501
14319
2816
10864
17034
25553
22466
6016
2636
26808
18903
30043
14063
11286
926
24037
27808
24097
25183
26979
28876
20567
7476
5495
20312
27540
4286
19223
22559
32611
16402
31873
28110
25270
23601
21925
16276
28509
11647
8345
16686
23687
18410
14410
14997
5813
23364
3419
24744
6707
14827
13619
6315
4821
12980
10725
1501
8119
22945
22450
25999
3170
17120
25792
241
27070
8210
21710
9
4680
17884
7776
31332
20898
13768
18693
10224
8879
21253
938
17981
7358
22913
7940
24816
26501
11053
25014
29058
19751
6211
24489
21447
5851
12227
12202
15714
1902
9637
24303
25465
32587
15887
27754
11648
7985
8278
31942
31945
11574
6263
17935
10813
14449
10141
10007
5312
11908
28050
23327
16374
3609
10362
17868
6875
6554
14281
31214
21752
22974
12447
14232
32392
29605
22370
19134
18306
22584
22129
17772
15858
23078
30206
5372
13866
12893
4941
19072
8650
28288
14047
4758
24938
1993
12874
1659
18458
32684
11735
2561
20404
7279
1293
13289
823
13078
1676
31479
2659
28467
1519
29793
22876
6195
11518
6738
8128
30545
29716
31249
14357
25577
30511
27970
4851
10568
29472
10397
25338
23123
31518
24132
27985
27501
11239
31113
659
14321
15068
749
18541
4096
14495
20840
12842
9517
19884
670
27942
25072
15866
15067
8016
20100
25590
19540
29224
32133
12506
2953
24272
17766
28832
26369
18426
22228
2759
18166
26183
4699
26918
15887
27675
11590
213
29470
14993
7988
17340
17062
8457
21164
30055
24663
27088
17863
9661
3728
4471
7852
31444
15581
18224
883
4684
2440
3156
9146
7041
2302
25933
16731
17617
25092
7229
31530
1722
10133
21121
12651
25466
7834
11627
24549
27023
227
8055
25070
30704
244
10072
20156
1023
14215
1103
9894
30527
22827
16914
2906
29156
0
8482
18689
15949
1706
9959
7302
18360
14375
4908
6464
1552
21479
8433
17180
2366
26290
17832
15381
30584
11084
7917
13477
24577
32673
13312
1748
32019
32123
29723
24968
28788
10534
3977
20773
12661
5616
3910
24636
10965
25150
21642
22710
14506
26340
678
11899
12764
6120
6019
25869
2450
4820
30367
31798
5249
13197
20080
28714
6986
32103
30614
21229
10106
17288
8631
9074
11711
20357
474
27866
21898
27064
17201
26428
16102
16669
21038
6581
26994
31098
6931
13210
20766
4289
22218
12351
23526
5178
25616
2064
13235
16886
11031
10269
25657
14879
31142
1173
6366
27460
481
18315
2218
10011
3374
20168
29501
8501
7821
20967
5227
10123
16930
29729
31568
5940
29609
21909
27113
17513
18109
15114
29145
4408
3843
13093
32311
5123
19680
20046
31110
27780
24169
23218
24457
1231
15095
21785
27648
12603
5614
27081
23884
31788
21770
19294
25254
16265
11724
24994
17254
10188
17085
6892
13638
9747
14643
5315
19455
1844
13636
26757
13399
11666
31312
28858
16290
4074
17212
4412
3843
3746
21185
19001
10372
13994
13308
31348
12838
3894
7077
31359
32318
4568
1485
31245
19968
21293
15137
3676
29146
17104
18324
1225
2976
7493
2985
3165
12193
9543
19107
20503
14993
619
25715
5631
27416
21737
8748
28148
1365
22392
12966
20128
100
18709
7801
11830
5352
30806
14921
9952
7726
12585
22554
9643
27780
8784
3813
2597
30111
16181
31025
16604
18174
13904
17653
5591
20357
15061
14356
8693
3858
16315
13536
9669
31095
31894
11393
31304
32520
12505
8347
8904
10262
29612
18224
29238
17390
18791
13447
15568
13867
8236
26048
13636
6166
22340
28235
26067
15878
9048
17088
15768
20873
623
12117
15002
29414
22716
21887
31664
1196
31483
28936
25958
29924
11630
2103
31789
26044
5641
21595
20936
17487
3563
25501
18350
15479
11714
1737
27220
5126
19520
11968
7591
15337
9235
3921
1019
287
10591
24660
19231
23749
12795
16257
6740
12179
20144
10276
30072
10341
28234
2537
1567
8716
5506
6017
32037
25022
27860
20340
190
10364
26727
23622
20365
18419
7976
16559
32041
10738
10645
24053
1198
22157
9473
31356
32602
30511
11317
29741
19546
13229
14904
6486
13953
26889
20834
2795
23162
20809
11924
23827
2449
28545
7185
7924
13327
8904
24871
23537
1017
28909
17482
6761
8235
10621
11378
5796
16846
4542
21755
17149
20993
26704
8
21901
10533
2914
30358
14033
24257
16512
19195
17807
12065
18306
12695
31985
19030
9057
11020
18002
6165
4184
8986
4771
15348
26222
21625
20185
17732
9221
27900
9095
14144
15106
27256
6963
9556
4552
3541
12375
8295
25151
1768
9141
16134
31299
19792
22617
28175
29836
775
29223
23478
16772
6144
5655
30077
7738
6804
25326
31899
2269
14543
30533
16722
9477
12343
3651
15870
14036
23451
3171
16975
25725
16633
16190
3095
18103
5987
30769
15996
21600
24736
31038
11230
792
28330
28898
14982
27523
216
23427
25666
18867
2617
11746
24419
32338
4914
14315
22873
4838
1717
3277
13642
29065
20579
15754
8245
6916
11025
27919
32729
16747
1070
24972
3337
27640
7437
10939
18996
31990
8706
2475
8537
22079
4844
27053
32031
4351
32185
29704
27665
25176
1390
26560
24569
16526
32121
15928
3952
16614
20981
31842
7683
15605
6052
19243
6104
11448
8971
6525
15229
26794
9169
6927
4461
8846
29655
10644
28192
17922
15140
16949
27893
26775
28596
10217
23832
27013
7743
20489
19476
4300
6421
17913
10307
18816
22936
82
79
20686
11869
6885
28866
5598
1070
31889
12783
13003
27220
29068
776
20132
30928
21569
15743
14502
14946
16279
23827
7948
25947
31250
26067
1831
2051
8543
24348
11771
19608
24209
16965
2680
2117
23389
1794
15907
23987
16683
30312
122
8319
23938
13891
30440
24914
19005
13270
816
6061
5441
16905
11244
32241
873
22046
30293
10896
3616
32559
8421
6522
18982
22462
24938
15000
5463
6568
12088
27612
31407
11911
31678
11661
24686
28181
16352
21028
28683
29463
30819
26388
15594
14558
14515
13582
84
7467
20551
14963
28652
18588
4027
10545
20582
28480
23504
24286
24609
7525
4807
3859
31786
21423
5177
9193
4724
17517
1487
19070
15242
23358
4929
13091
4266
1865
30357
26041
6550
2063
30195
22468
23051
29288
3896
25493
25837
28921
8286
10190
1426
31081
6418
19681
12538
17787
21984
28987
611
10259
29599
17608
31384
10421
26988
2065
23694
21423
3111
24462
19617
749
30653
27020
7258
19494
5663
9788
32510
14125
20481
684
5970
23059
20949
5393
20783
32250
17626
26658
6370
723
31139
16255
13579
27053
13574
21984
23869
32500
12934
19693
3327
32701
2252
6573
10211
30031
15519
26714
29340
21582
20819
29654
13232
12893
12849
31264
3119
13869
4259
4732
24118
11254
14575
22893
25583
20059
8055
5610
15285
26583
22635
32618
2269
32322
31974
3997
17402
14424
16234
12098
28967
31989
31631
1728
29909
8867
18562
1919
4547
4365
23850
12020
10423
32179
18015
25127
16536
2671
3475
98
2377
24206
14677
22035
9132
23602
10394
12197
20501
5880
9468
31594
21598
29481
19175
32428
1510
7551
21917
32346
26856
25354
21559
28531
13159
27776
18296
28499
11592
28736
12230
4977
1610
12433
592
2647
19998
2137
20096
27156
4724
19592
28862
19410
18328
20829
23108
28367
24245
31174
19853
18267
7375
23705
6341
4339
2125
27363
15513
8756
31374
20922
27331
32760
3188
23793
5722
14539
29199
21730
29645
29404
17167
22808
27391
23243
24454
9866
19601
14755
22845
14783
26242
32217
4775
4732
577
7470
1147
10416
6091
24524
31963
6659
18752
25792
26188
20975
10836
26037
21402
6540
16368
10953
8115
23923
8775
