19555
22868
13589
32106
20662
14350
16310
6811
9628
15183
12352
30567
23701
8378
20842
23718
7639
23074
22169
14335
3558
12575
9739
25097
11869
4056
7252
14779
21137
12790
14089
13368
6828
30197
4856
15691
5249
17245
19459
9486
15122
29692
15588
14472
25180
24413
19380
28281
1160
31
3161
20578
5972
21856
13827
17760
9778
1646
13333
31317
17118
22602
21602
5797
21050
29275
8725
23203
9736
23931
30832
16104
487
12572
24866
15691
4297
19581
28404
288
4206
95
19459
13066
5890
9289
31974
32348
26791
27690
19524
12361
21481
6826
10242
3310
9974
7085
25618
31409
6853
14571
26280
12003
27380
9368
13099
17933
29003
21743
17226
3991
20214
11268
30292
7755
27784
17225
19433
25946
8284
16813
21400
3752
21605
13439
5609
20622
14846
6010
631
1687
15520
2228
28938
24286
19732
31781
23359
7543
2776
21117
17645
8827
32173
31681
18963
9705
4601
4963
26345
26614
6090
332
25210
32755
4083
30926
11054
21229
32680
19212
10339
9658
10364
14286
4955
4246
22642
25195
22350
1111
12507
20812
5750
9342
15212
12687
31862
5245
14526
16706
1046
13439
13880
8754
30070
17445
26988
31846
13871
4930
24089
6396
5475
12393
4267
27612
31887
18712
31355
21211
8016
25931
131
31513
27934
23392
27413
26577
13957
14559
14003
13193
5164
17729
278
11725
23565
16809
20772
19988
5879
28849
17649
22352
31488
20432
16466
7405
15622
2749
12185
7407
22897
23189
22138
23730
7521
8712
14443
31682
6661
26007
19037
27058
329
13995
23759
13921
7692
22726
17964
13061
6618
5189
21641
15922
14360
11151
24370
13225
17571
22183
19211
29379
25365
28441
13235
19472
31573
3799
29021
10731
4251
11930
18610
13833
3532
10843
574
24109
19229
8990
4741
19860
28855
27738
25117
25498
19682
32711
27532
20779
18944
5406
14067
9277
25979
19508
31830
30791
13840
25359
24147
6926
2450
9840
1787
21131
9658
29233
27833
15713
3144
21654
29302
18037
11747
30983
16961
26717
22497
10740
2884
14661
8421
29216
32110
13844
31411
1290
24731
13318
8440
2755
24448
30944
865
16203
26567
24551
1899
19233
22242
16229
26787
19917
30956
30811
24544
31947
24216
29861
14325
1104
7150
28520
10704
5212
24302
7153
18666
29353
26846
25141
25921
22153
32673
18221
1903
12771
17245
17263
31928
19646
30803
22569
24397
11897
30703
9302
25799
24599
7475
4695
13208
15514
29890
22530
25206
17245
13364
13299
29489
9990
24103
944
20229
30907
16185
26285
21030
26639
25360
23906
21366
11278
28589
23853
8307
18032
25251
19233
11008
4461
21282
1208
19763
8808
25308
24531
4952
24368
7642
8253
2785
6992
12196
11549
16701
20205
14844
21170
29411
26084
15957
20082
16003
25302
4057
19622
27737
16648
13707
32115
25406
21919
1493
16217
5843
31762
18381
27582
23465
31604
28643
17904
151
11673
23354
12564
25380
1695
20042
16754
5905
30724
31785
3680
7523
25637
13578
15146
15903
3942
14286
20476
14737
5567
20877
26744
21476
4841
206
7809
27925
28453
8595
5676
26456
29652
5551
9019
23572
22237
20055
25880
29102
32221
25141
22413
13617
16753
14138
3339
1017
11602
15879
14223
17673
31638
