1 614 10
1 717 19
1 521 41
1 497 -10
2 327 14
2 696 37
2 588 10
2 652 7
3 191 41
3 276 8
3 612 42
3 39 4
4 357 40
4 73 41
4 611 0
4 361 43
5 269 18
5 32 -1
5 605 0
5 252 5
6 294 6
6 548 34
6 469 25
6 352 34
7 534 13
7 111 3
7 417 45
7 681 21
8 125 26
8 157 17
8 235 3
8 410 4
9 413 2
9 591 -2
9 534 33
9 527 -5
10 99 3
10 612 36
10 12 12
10 553 -4
11 563 -9
11 536 -9
11 348 17
11 51 11
12 54 2
12 720 -3
12 703 13
12 721 0
13 190 28
13 328 33
13 602 36
13 509 4
14 37 14
14 252 -9
14 628 -2
14 532 29
15 449 27
15 338 45
15 161 4
15 221 3
16 339 14
16 98 13
16 229 2
16 559 28
17 79 3
17 357 47
17 334 22
17 136 49
18 276 0
18 718 31
18 143 17
18 499 28
19 236 -8
19 218 21
19 220 5
19 531 31
20 382 9
20 696 34
20 124 7
20 498 23
21 141 -1
21 403 31
21 491 19
21 687 23
22 185 26
22 350 -2
22 296 50
22 162 -5
23 40 22
23 613 -3
23 645 48
23 491 -3
24 526 39
24 635 34
24 288 21
24 573 19
25 573 15
25 447 13
25 703 29
25 376 -7
26 687 50
26 324 28
26 307 27
26 527 27
27 162 11
27 492 14
27 36 18
27 496 -4
28 412 2
28 632 0
28 166 1
28 380 15
29 211 6
29 709 -9
29 139 47
29 578 18
30 66 6
30 711 -1
30 96 -4
30 153 31
31 377 15
31 511 50
31 337 0
31 118 -5
32 549 -8
32 434 27
32 472 39
32 326 17
33 535 50
33 681 49
33 376 49
33 258 -4
34 79 13
34 206 34
34 710 45
34 504 17
35 76 0
35 437 11
35 241 18
35 595 8
36 440 27
36 542 -5
36 418 -5
36 529 34
37 75 -4
37 63 48
37 635 48
37 268 29
38 679 28
38 453 7
38 385 13
38 663 34
39 188 44
39 596 5
39 21 18
39 445 1
40 300 13
40 153 -5
40 390 22
40 144 37
41 331 8
41 460 23
41 223 8
41 694 36
42 52 9
42 192 1
42 678 30
42 31 45
43 408 -7
43 555 17
43 330 18
43 472 -5
44 330 17
44 726 14
44 373 20
44 108 26
45 647 39
45 654 41
45 283 -1
45 325 35
46 248 -4
46 575 29
46 185 18
46 119 28
47 185 1
47 99 38
47 304 9
47 582 25
48 416 49
48 525 15
48 31 50
48 225 11
49 566 -7
49 268 27
49 318 16
49 286 15
50 147 22
50 415 47
50 640 31
50 468 2
51 383 -9
51 554 12
51 77 -9
51 335 31
52 434 22
52 2 8
52 421 20
52 174 -7
53 253 8
53 283 37
53 613 17
53 154 43
54 484 45
54 307 -3
54 225 20
54 635 8
55 73 10
55 71 30
55 403 -3
55 134 5
56 422 39
56 556 0
56 128 15
56 287 10
57 191 -10
57 491 -5
57 328 49
57 539 14
58 406 38
58 338 27
58 67 5
58 687 13
59 345 36
59 517 -6
59 94 -2
59 396 6
60 149 29
60 693 30
60 33 36
60 244 31
61 170 19
61 452 46
61 264 32
61 259 26
62 565 44
62 378 41
62 570 20
62 283 43
63 674 20
63 503 0
63 582 -9
63 136 -8
64 45 13
64 116 0
64 156 -8
64 680 8
65 488 23
65 212 35
65 588 42
65 640 32
66 468 10
66 516 -7
66 612 30
66 490 8
67 227 3
67 324 42
67 111 27
67 23 43
68 34 22
68 593 -5
68 307 27
68 299 46
69 350 6
69 254 31
69 334 24
69 556 2
70 8 24
70 348 37
70 253 -10
70 688 48
71 680 24
71 701 48
71 648 12
71 274 -8
72 520 11
72 363 -4
72 3 -1
72 248 -8
73 691 45
73 286 16
73 554 3
73 510 21
74 518 11
74 118 39
74 413 22
74 182 27
75 459 32
75 591 6
75 347 27
75 670 26
76 217 -1
76 578 40
76 420 43
76 240 -9
77 550 2
77 3 16
77 595 49
77 716 30
78 77 23
78 506 24
78 578 31
78 373 43
79 246 16
79 708 27
79 442 29
79 111 -7
80 203 36
80 56 23
80 514 -6
80 486 -8
81 715 22
81 180 12
81 188 42
81 224 32
82 457 6
82 472 23
82 100 44
82 696 37
83 142 24
83 185 -3
83 91 -8
83 49 45
84 95 19
84 63 32
84 243 44
84 4 44
85 500 5
85 550 48
85 496 1
85 544 0
86 572 16
86 19 24
86 686 33
86 652 41
87 527 50
87 287 29
87 442 25
87 150 -8
88 520 23
88 556 41
88 311 27
88 613 8
89 123 11
89 97 47
89 33 -10
89 480 7
90 154 31
90 609 4
90 303 3
90 429 15
91 376 43
91 206 28
91 641 33
91 509 5
92 418 11
92 509 41
92 312 -9
92 569 40
93 327 44
93 173 -5
93 20 20
93 553 45
94 300 32
94 155 -9
94 288 5
94 525 31
95 343 -10
95 97 13
95 580 -8
95 306 15
96 715 -6
96 267 -5
96 369 35
96 40 24
97 724 -9
97 84 47
97 536 -7
97 159 11
98 720 -1
98 475 30
98 458 30
98 506 11
99 430 33
99 478 22
99 671 19
99 543 7
100 459 -2
100 476 26
100 390 37
100 528 -5
101 200 28
101 364 34
101 626 30
101 313 16
102 336 6
102 680 3
102 723 8
102 417 8
103 390 22
103 358 22
103 381 27
103 264 48
104 29 20
104 318 7
104 115 25
104 715 37
105 427 15
105 571 39
105 318 13
105 405 8
106 568 2
106 545 6
106 354 22
106 560 1
107 598 48
107 475 36
107 470 6
107 22 8
108 309 11
108 701 -4
108 282 -10
108 127 22
109 719 43
109 269 32
109 425 -8
109 9 -5
110 517 5
110 504 30
110 493 35
110 501 16
111 151 24
111 371 -3
111 317 -7
111 213 26
112 689 5
112 97 27
112 432 0
112 63 -7
113 451 0
113 367 10
113 484 9
113 692 38
114 610 6
114 488 39
114 7 25
114 25 -6
115 146 -8
115 622 -8
115 589 48
115 481 -2
116 634 12
116 407 -2
116 164 32
116 231 25
117 147 9
117 336 26
117 530 -9
117 243 38
118 440 9
118 213 23
118 177 45
118 87 12
119 631 31
119 205 -1
119 41 43
119 623 22
120 459 48
120 126 4
120 612 38
120 485 32
121 611 30
121 325 4
121 150 15
121 179 4
122 16 47
122 702 49
122 196 36
122 436 29
123 168 -7
123 103 6
123 212 8
123 107 24
124 171 47
124 403 39
124 670 41
124 480 4
125 597 45
125 513 6
125 280 28
125 414 -8
126 475 17
126 180 19
126 325 47
126 457 -5
127 299 27
127 146 -4
127 52 31
127 599 16
128 371 -8
128 408 6
128 137 5
128 264 -1
129 585 9
129 532 38
129 387 -2
129 75 46
130 481 15
130 382 -3
130 309 50
130 265 -4
131 165 -10
131 439 32
131 526 4
131 578 47
132 676 0
132 16 -6
132 267 38
132 472 -6
133 294 40
133 530 11
133 362 8
133 348 50
134 419 19
134 712 22
134 22 15
134 714 26
135 105 44
135 454 38
135 114 24
135 127 29
136 666 5
136 602 6
136 545 17
136 401 19
137 83 6
137 281 16
137 201 31
137 73 7
138 195 -4
138 53 39
138 314 31
138 240 -9
139 209 50
139 690 10
139 377 38
139 381 31
140 385 -10
140 242 26
140 722 28
140 587 29
141 493 15
141 510 34
141 481 -8
141 307 21
142 403 23
142 144 6
142 494 2
142 34 36
143 35 24
143 538 15
143 235 49
143 387 -7
144 19 11
144 107 -5
144 567 29
144 265 46
145 516 -9
145 223 41
145 511 -7
145 208 -5
146 257 -6
146 518 0
146 163 20
146 617 6
147 31 -6
147 551 16
147 659 50
147 219 39
148 141 38
148 259 -7
148 116 30
148 292 46
149 514 6
149 590 28
149 224 47
149 411 16
150 200 22
150 17 43
150 338 46
150 19 24
151 357 20
151 525 20
151 99 -10
151 414 50
152 681 40
152 623 7
152 106 33
152 722 -1
153 703 34
153 679 33
153 571 35
153 118 9
154 350 38
154 580 26
154 475 20
154 319 29
155 324 -1
155 72 24
155 418 46
155 207 40
156 253 42
156 454 -10
156 645 41
156 532 45
157 254 6
157 416 19
157 248 28
157 340 45
158 384 22
158 347 50
158 545 39
158 52 -6
159 338 23
159 374 -6
159 706 4
159 135 3
160 311 -3
160 386 13
160 416 41
160 515 22
161 378 25
161 709 24
161 63 44
161 445 23
162 30 47
162 106 -2
162 176 9
162 451 -6
163 22 36
163 75 38
163 162 23
163 190 4
164 482 17
164 541 0
164 355 34
164 271 2
165 617 20
165 142 13
165 291 50
165 375 22
166 669 9
166 609 41
166 610 40
166 251 31
167 180 -10
167 696 15
167 587 45
167 275 40
168 461 -8
168 246 20
168 259 39
168 321 28
169 284 30
169 132 15
169 166 48
169 216 8
170 600 13
170 556 -2
170 597 50
170 641 7
171 382 48
171 646 23
171 189 1
171 619 30
172 247 23
172 678 16
172 179 4
172 599 17
173 44 -2
173 516 47
173 250 11
173 89 22
174 722 4
174 365 36
174 364 2
174 660 25
175 198 0
175 74 25
175 660 12
175 78 28
176 270 41
176 520 9
176 448 5
176 309 1
177 383 25
177 175 5
177 107 50
177 378 9
178 665 13
178 495 27
178 90 12
178 267 40
179 636 27
179 680 11
179 278 23
179 117 45
180 104 -4
180 720 23
180 2 16
180 353 27
181 656 2
181 549 11
181 100 45
181 601 41
182 21 25
182 361 40
182 622 49
182 261 -2
183 273 39
183 317 1
183 555 40
183 574 41
184 466 48
184 388 -2
184 72 -3
184 254 44
185 687 32
185 187 -10
185 193 2
185 624 8
186 628 33
186 20 7
186 55 38
186 725 18
187 372 43
187 66 -3
187 147 33
187 402 48
188 159 40
188 190 29
188 475 35
188 50 49
189 200 17
189 352 3
189 459 50
189 60 -3
190 86 29
190 129 40
190 674 44
190 590 47
191 633 16
191 348 45
191 592 6
191 722 35
192 186 25
192 118 22
192 97 40
192 185 22
193 368 14
193 299 35
193 627 18
193 423 39
194 106 41
194 102 40
194 30 38
194 662 -3
195 664 -3
195 521 4
195 206 24
195 14 15
196 515 24
196 715 39
196 417 -4
196 433 44
197 204 50
197 12 7
197 172 43
197 638 33
198 549 19
198 255 25
198 280 25
198 428 29
199 636 21
199 510 18
199 531 6
199 105 43
200 52 -2
200 209 28
200 558 4
200 34 18
201 237 47
201 213 11
201 227 44
201 123 23
202 289 35
202 728 41
202 122 19
202 613 35
203 418 40
203 597 -3
203 576 2
203 557 5
204 673 2
204 369 43
204 281 27
204 706 13
205 254 8
205 24 23
205 561 30
205 676 44
206 588 5
206 3 16
206 710 41
206 604 27
207 430 19
207 634 33
207 254 46
207 45 46
208 499 1
208 538 2
208 315 5
208 667 44
209 72 20
209 677 10
209 581 2
209 461 48
210 196 29
210 420 42
210 262 8
210 620 47
211 293 21
211 500 38
211 326 8
211 345 -5
212 423 19
212 150 -2
212 642 -3
212 13 -5
213 129 34
213 334 38
213 538 36
213 388 35
214 21 38
214 554 -6
214 449 -10
214 13 11
215 47 -2
215 492 27
215 45 42
215 106 36
216 449 14
216 410 42
216 369 -5
216 509 41
217 362 18
217 410 18
217 563 25
217 460 15
218 542 41
218 573 -8
218 1 23
218 252 18
219 238 5
219 455 31
219 709 19
219 615 33
220 137 25
220 426 37
220 641 33
220 696 43
221 110 43
221 312 21
221 584 10
221 218 49
222 432 32
222 195 40
222 319 44
222 351 45
223 28 33
223 89 0
223 584 -7
223 253 -3
224 72 25
224 624 -2
224 347 37
224 405 34
225 50 26
225 617 21
225 230 32
225 103 -7
226 584 14
226 371 32
226 634 -3
226 133 35
227 212 39
227 332 -5
227 256 35
227 147 45
228 525 11
228 24 21
228 660 22
228 641 13
229 368 -9
229 630 7
229 106 2
229 6 -8
230 13 5
230 632 20
230 283 46
230 144 44
231 535 34
231 530 13
231 371 -5
231 140 24
232 604 46
232 722 36
232 303 42
232 373 22
233 501 34
233 358 0
233 43 33
233 89 -1
234 519 12
234 226 28
234 83 12
234 518 22
235 15 13
235 616 23
235 123 31
235 110 46
236 357 49
236 49 22
236 551 -3
236 655 1
237 723 1
237 617 -8
237 607 43
237 728 17
238 436 26
238 650 -4
238 568 37
238 191 4
239 7 20
239 28 14
239 245 12
239 717 2
240 565 9
240 101 47
240 266 27
240 698 8
241 22 21
241 576 41
241 405 24
241 282 -5
242 197 30
242 327 -1
242 355 34
242 588 36
243 463 -8
243 333 22
243 173 11
243 436 -6
244 490 -2
244 353 5
244 561 33
244 530 19
245 46 -5
245 189 28
245 296 27
245 471 -10
246 146 9
246 112 49
246 26 43
246 49 31
247 564 38
247 237 10
247 233 23
247 25 27
248 669 44
248 367 2
248 11 24
248 132 24
249 107 -4
249 388 -2
249 113 -10
249 599 0
250 255 40
250 183 17
250 694 45
250 449 37
251 570 47
251 264 34
251 628 38
251 493 23
252 188 8
252 676 17
252 442 -4
252 701 24
253 186 12
253 622 -8
253 454 16
253 521 45
254 702 -1
254 559 16
254 489 43
254 169 -3
255 683 32
255 82 5
255 211 45
255 7 30
256 41 28
256 135 15
256 372 35
256 630 2
257 537 16
257 348 -1
257 24 32
257 230 -4
258 215 -1
258 45 34
258 238 26
258 253 42
259 215 17
259 54 17
259 128 -8
259 514 36
260 382 -9
260 427 33
260 203 5
260 120 17
261 499 -3
261 568 14
261 267 25
261 690 23
262 530 -4
262 339 20
262 412 -4
262 317 39
263 347 50
263 163 39
263 61 19
263 36 28
264 313 47
264 686 30
264 225 8
264 76 12
265 539 47
265 490 19
265 55 31
265 663 14
266 402 -9
266 260 -6
266 125 -7
266 53 29
267 16 30
267 484 2
267 649 7
267 338 28
268 617 19
268 589 26
268 536 37
268 444 22
269 634 20
269 426 41
269 728 -2
269 25 35
270 116 48
270 528 38
270 248 43
270 630 27
271 266 -2
271 341 5
271 150 17
271 660 2
272 2 16
272 195 4
272 297 45
272 235 45
273 35 23
273 177 48
273 557 24
273 308 8
274 624 44
274 488 -8
274 656 45
274 376 16
275 106 -4
275 470 -1
275 568 24
275 160 5
276 263 22
276 92 7
276 395 27
276 320 27
277 122 13
277 424 22
277 616 21
277 132 48
278 289 27
278 529 11
278 611 45
278 94 47
279 204 21
279 627 26
279 16 5
279 391 3
280 402 49
280 686 19
280 670 21
280 662 45
281 176 18
281 491 40
281 446 31
281 508 34
282 336 37
282 446 19
282 491 2
282 369 17
283 201 30
283 55 -1
283 174 37
283 382 14
284 162 4
284 147 10
284 222 7
284 465 32
285 563 20
285 54 50
285 122 -4
285 559 27
286 75 25
286 519 11
286 678 6
286 40 43
287 573 9
287 396 6
287 264 39
287 80 28
288 434 11
288 47 25
288 30 -1
288 670 19
289 588 4
289 341 23
289 616 -1
289 458 42
290 509 12
290 563 1
290 587 0
290 156 14
291 428 5
291 349 49
291 605 44
291 543 47
292 466 13
292 712 48
292 19 32
292 538 42
293 709 32
293 312 -6
293 35 18
293 62 35
294 560 43
294 550 37
294 128 5
294 725 23
295 492 -4
295 591 21
295 206 1
295 58 48
296 278 38
296 675 17
296 573 12
296 581 3
297 509 26
297 655 19
297 124 -7
297 223 13
298 188 40
298 288 23
298 593 -6
298 631 -9
299 317 46
299 545 8
299 503 13
299 717 44
300 729 0
300 115 12
300 255 24
300 656 14
301 223 4
301 114 37
301 346 48
301 571 44
302 37 12
302 502 27
302 113 3
302 575 46
303 31 7
303 20 11
303 391 2
303 519 17
304 218 6
304 422 2
304 569 5
304 448 30
305 27 48
305 479 -9
305 21 0
305 24 36
306 164 -8
306 28 26
306 396 34
306 473 32
307 498 7
307 348 50
307 402 -6
307 472 5
308 499 -7
308 603 -1
308 493 15
308 222 1
309 571 23
309 721 35
309 83 47
309 487 5
310 102 23
310 512 -4
310 10 50
310 471 35
311 519 33
311 369 43
311 611 35
311 39 -7
312 626 -2
312 641 -7
312 509 31
312 596 6
313 379 16
313 257 17
313 408 -4
313 323 12
314 151 -7
314 700 -8
314 462 -9
314 644 18
315 246 -6
315 485 31
315 22 36
315 49 44
316 374 38
316 195 17
316 530 4
316 212 18
317 593 34
317 660 25
317 499 7
317 123 15
318 382 13
318 722 -6
318 176 38
318 503 27
319 509 13
319 473 28
319 405 -2
319 63 -9
320 355 10
320 311 14
320 483 26
320 200 40
321 84 47
321 187 36
321 623 28
321 396 -9
322 292 9
322 678 19
322 664 -5
322 464 28
323 198 -1
323 258 -3
323 103 8
323 281 46
324 549 9
324 376 18
324 719 47
324 721 36
325 728 39
325 721 39
325 265 16
325 368 28
326 271 13
326 78 40
326 180 21
326 334 31
327 162 23
327 326 13
327 407 6
327 365 31
328 439 5
328 721 30
328 496 -6
328 527 42
329 141 11
329 513 11
329 274 3
329 351 35
330 368 16
330 489 2
330 14 50
330 84 11
331 708 -3
331 382 -3
331 504 45
331 401 35
332 587 44
332 512 14
332 342 20
332 62 20
333 293 13
333 710 50
333 239 26
333 605 44
334 288 35
334 7 28
334 344 24
334 666 43
335 408 26
335 615 41
335 605 5
335 556 47
336 638 28
336 721 24
336 59 3
336 22 5
337 412 -7
337 705 -1
337 422 32
337 75 31
338 344 34
338 619 -7
338 519 -6
338 266 13
339 108 6
339 254 3
339 205 19
339 318 50
340 698 7
340 36 32
340 199 27
340 406 -4
341 687 47
341 63 15
341 507 -1
341 396 20
342 50 34
342 270 43
342 600 21
342 255 -7
343 330 42
343 223 47
343 692 49
343 75 17
344 671 42
344 148 6
344 322 -5
344 417 42
345 257 16
345 364 50
345 429 -7
345 55 25
346 210 43
346 719 35
346 44 43
346 51 23
347 374 28
347 479 48
347 27 14
347 241 30
348 271 2
348 692 50
348 689 35
348 450 29
349 309 43
349 415 42
349 78 15
349 430 8
350 54 -4
350 395 29
350 203 50
350 247 41
351 9 5
351 537 5
351 590 -4
351 418 40
352 350 -7
352 80 19
352 526 38
352 144 -2
353 238 44
353 666 48
353 445 38
353 337 14
354 285 25
354 162 26
354 430 48
354 532 3
355 277 12
355 387 34
355 229 -3
355 108 -9
356 294 28
356 312 23
356 712 48
356 599 5
357 330 31
357 639 44
357 103 2
357 392 37
358 273 6
358 683 44
358 158 7
358 178 19
359 274 16
359 340 41
359 569 18
359 579 42
360 182 -10
360 212 -1
360 37 31
360 690 49
361 95 50
361 240 43
361 601 26
361 264 -4
362 652 -5
362 97 18
362 292 39
362 433 39
363 574 24
363 153 12
363 18 3
363 609 28
364 363 34
364 538 -8
364 316 -6
364 110 -2
365 572 34
365 724 1
365 413 8
365 444 0
366 60 48
366 368 1
366 546 24
366 148 19
367 98 12
367 450 -6
367 651 19
367 657 2
368 141 1
368 132 -7
368 2 45
368 162 41
369 499 8
369 193 44
369 612 15
369 506 26
370 705 -4
370 225 42
370 192 -5
370 643 25
371 39 36
371 580 -9
371 693 19
371 149 -9
372 413 49
372 587 9
372 575 16
372 598 30
373 676 28
373 401 6
373 143 41
373 328 14
374 504 26
374 520 30
374 219 41
374 465 18
375 11 38
375 466 11
375 403 27
375 399 -7
376 701 9
376 683 14
376 336 -4
376 699 5
377 160 -1
377 339 31
377 95 11
377 281 50
378 620 16
378 508 32
378 234 1
378 514 4
379 648 35
379 351 19
379 285 17
379 149 31
380 250 40
380 292 13
380 124 18
380 152 4
381 221 1
381 14 38
381 265 13
381 640 11
382 226 -1
382 506 38
382 526 19
382 514 8
383 371 36
383 632 39
383 139 44
383 23 33
384 205 8
384 450 -8
384 488 -5
384 674 15
385 189 3
385 274 33
385 214 -9
385 291 -6
386 256 -9
386 498 -9
386 644 6
386 105 9
387 409 33
387 113 19
387 635 -9
387 728 13
388 146 10
388 307 0
388 574 7
388 147 27
389 553 36
389 112 5
389 364 2
389 565 20
390 462 37
390 186 25
390 334 14
390 623 -6
391 376 11
391 583 10
391 404 12
391 311 -4
392 435 41
392 543 50
392 315 31
392 329 32
393 578 33
393 372 23
393 147 41
393 386 44
394 502 13
394 542 -2
394 465 22
394 716 19
395 696 35
395 382 48
395 370 6
395 645 -1
396 427 -9
396 47 -1
396 706 6
396 446 22
397 144 21
397 365 12
397 668 22
397 94 32
398 202 25
398 549 2
398 375 49
398 366 10
399 45 28
399 61 -8
399 86 32
399 205 19
400 108 -4
400 252 6
400 609 8
400 269 21
401 566 -10
401 720 14
401 476 2
401 461 36
402 424 11
402 351 -2
402 654 42
402 140 25
403 714 39
403 688 24
403 697 19
403 425 -3
404 315 34
404 405 12
404 345 18
404 396 -4
405 88 44
405 310 3
405 555 20
405 388 43
406 146 17
406 57 14
406 169 32
406 244 38
407 182 9
407 213 43
407 272 39
407 699 3
408 183 27
408 377 -7
408 270 46
408 721 25
409 37 13
409 96 32
409 364 12
409 214 32
410 163 4
410 302 13
410 382 32
410 205 -7
411 545 34
411 297 33
411 618 32
411 276 29
412 435 23
412 503 24
412 42 -2
412 279 15
413 418 8
413 495 28
413 533 34
413 471 23
414 103 37
414 64 37
414 425 35
414 370 34
415 224 50
415 483 43
415 620 46
415 548 2
416 9 50
416 263 13
416 227 9
416 171 7
417 571 12
417 163 38
417 332 14
417 495 29
418 235 -9
418 702 -8
418 491 -7
418 42 -10
419 112 34
419 671 -8
419 259 50
419 433 35
420 320 15
420 722 9
420 350 -4
420 337 39
421 255 7
421 445 19
421 683 11
421 173 3
422 300 8
422 720 5
422 204 -9
422 610 16
423 706 21
423 119 45
423 9 11
423 136 34
424 472 0
424 518 23
424 422 -3
424 697 41
425 151 32
425 220 17
425 230 42
425 240 0
426 249 22
426 203 10
426 434 19
426 401 -7
427 650 18
427 557 45
427 622 6
427 632 17
428 596 34
428 245 18
428 32 7
428 93 20
429 246 44
429 714 6
429 24 29
429 532 24
430 201 44
430 691 42
430 32 10
430 39 0
431 62 5
431 457 -10
431 163 20
431 120 45
432 602 50
432 262 39
432 464 -3
432 403 28
433 304 48
433 386 1
433 719 30
433 92 33
434 561 16
434 192 36
434 492 -6
434 334 -4
435 189 17
435 289 47
435 391 4
435 706 9
436 615 25
436 610 41
436 482 37
436 72 -8
437 159 47
437 306 42
437 596 -10
437 594 48
438 200 0
438 348 20
438 232 -9
438 34 -7
439 541 31
439 659 -4
439 566 4
439 284 39
440 481 50
440 334 -1
440 419 -6
440 384 23
441 296 -5
441 335 -1
441 658 3
441 345 10
442 533 19
442 707 26
442 273 43
442 102 -4
443 70 36
443 219 -4
443 401 23
443 365 39
444 646 30
444 455 27
444 214 -3
444 367 1
445 533 36
445 667 27
445 214 43
445 85 10
446 537 19
446 494 13
446 479 13
446 13 10
447 425 33
447 369 14
447 53 32
447 28 24
448 548 22
448 83 -8
448 425 7
448 50 40
449 116 45
449 381 19
449 353 42
449 342 40
450 702 2
450 330 -7
450 703 10
450 674 39
451 582 14
451 579 2
451 349 -9
451 40 3
452 195 -9
452 451 30
452 610 3
452 416 -1
453 16 9
453 106 8
453 249 39
453 293 48
454 108 -4
454 615 31
454 223 3
454 653 2
455 223 19
455 217 0
455 250 21
455 613 31
456 235 27
456 688 29
456 692 25
456 62 -8
457 129 44
457 635 2
457 312 42
457 472 34
458 379 39
458 336 -2
458 605 30
458 176 45
459 440 12
459 200 16
459 473 33
459 722 39
460 426 -8
460 228 -5
460 233 20
460 596 24
461 421 21
461 175 40
461 51 41
461 460 30
462 65 34
462 23 14
462 293 33
462 109 43
463 644 36
463 380 -5
463 121 -8
463 464 4
464 137 47
464 56 34
464 70 31
464 357 11
465 480 14
465 151 17
465 291 10
465 696 12
466 554 -6
466 511 39
466 301 -7
466 609 30
467 173 14
467 325 2
467 358 48
467 600 -1
468 653 33
468 54 16
468 198 16
468 704 28
469 668 8
469 18 2
469 114 50
469 669 26
470 389 28
470 317 18
470 286 22
470 76 16
471 364 -7
471 113 0
471 571 31
471 290 15
472 4 6
472 122 40
472 224 28
472 23 23
473 168 7
473 613 22
473 141 7
473 105 23
474 324 12
474 386 -8
474 480 -10
474 587 50
475 654 28
475 634 7
475 38 11
475 646 14
476 349 27
476 400 46
476 534 32
476 466 10
477 301 19
477 642 -9
477 331 -10
477 615 45
478 397 -7
478 388 -7
478 145 34
478 267 33
479 126 2
479 92 5
479 707 43
479 444 -5
480 137 27
480 35 38
480 329 -7
480 405 42
481 695 14
481 474 39
481 379 19
481 191 15
482 287 -6
482 603 47
482 563 43
482 502 -10
483 400 2
483 296 -9
483 619 12
483 562 43
484 17 -8
484 120 37
484 552 20
484 9 27
485 402 8
485 573 13
485 145 34
485 22 28
486 673 8
486 599 -2
486 613 47
486 288 46
487 219 27
487 502 -3
487 543 37
487 695 -9
488 712 31
488 439 24
488 208 24
488 156 9
489 483 8
489 24 37
489 298 27
489 295 14
490 264 48
490 314 27
490 617 -6
490 448 -7
491 116 19
491 457 1
491 565 50
491 221 40
492 350 37
492 85 49
492 257 22
492 243 44
493 146 16
493 716 -2
493 38 22
493 472 18
494 283 31
494 6 38
494 614 18
494 512 26
495 173 15
495 501 -5
495 97 50
495 338 23
496 378 41
496 640 20
496 98 3
496 656 41
497 32 -7
497 468 25
497 485 1
497 92 42
498 195 34
498 317 -10
498 723 -7
498 343 5
499 400 -4
499 132 25
499 700 47
499 658 42
500 678 37
500 622 8
500 338 34
500 70 49
501 284 2
501 574 0
501 352 22
501 514 -3
502 410 12
502 682 37
502 470 46
502 522 44
503 398 15
503 325 50
503 235 5
503 708 44
504 287 40
504 172 21
504 536 35
504 99 13
505 658 -10
505 223 10
505 700 -2
505 522 10
506 336 35
506 727 50
506 227 -10
506 472 15
507 684 5
507 476 30
507 204 44
507 717 25
508 182 -1
508 468 21
508 702 5
508 164 -6
509 589 50
509 331 -5
509 503 25
509 713 41
510 205 31
510 167 17
510 390 6
510 494 -2
511 304 -10
511 186 8
511 163 7
511 60 49
512 28 44
512 285 1
512 163 47
512 314 -6
513 323 23
513 611 42
513 715 41
513 515 12
514 380 17
514 303 13
514 126 47
514 12 10
515 531 12
515 108 43
515 303 14
515 40 -7
516 480 37
516 576 23
516 589 38
516 299 20
517 687 12
517 97 43
517 363 8
517 259 29
518 101 37
518 489 18
518 279 41
518 562 7
519 639 44
519 240 36
519 493 15
519 716 -4
520 483 41
520 564 26
520 336 10
520 456 28
521 184 6
521 583 24
521 28 40
521 144 20
522 538 42
522 44 45
522 176 32
522 216 40
523 257 44
523 219 42
523 99 40
523 703 14
524 533 36
524 213 9
524 309 25
524 511 47
525 298 15
525 263 -7
525 428 32
525 498 34
526 461 10
526 631 34
526 35 -1
526 700 6
527 395 14
527 330 19
527 281 -4
527 56 44
528 403 16
528 122 23
528 246 25
528 79 36
529 491 -9
529 679 42
529 92 42
529 410 47
530 285 20
530 631 14
530 574 27
530 433 48
531 228 -9
531 42 -3
531 562 11
531 471 20
532 370 43
532 223 3
532 558 34
532 321 -9
533 21 47
533 62 3
533 638 50
533 340 -8
534 86 50
534 580 43
534 548 12
534 294 20
535 679 14
535 586 41
535 237 15
535 521 39
536 722 15
536 598 25
536 4 12
536 380 36
537 644 24
537 547 40
537 305 40
537 232 -8
538 301 43
538 159 10
538 192 -2
538 173 11
539 320 6
539 286 16
539 506 48
539 405 43
540 459 45
540 567 -8
540 545 -6
540 150 12
541 144 -9
541 379 33
541 42 39
541 392 12
542 131 -1
542 66 10
542 507 24
542 43 7
543 9 5
543 48 6
543 8 21
543 215 23
544 404 13
544 103 37
544 653 22
544 397 48
545 573 33
545 335 39
545 144 -10
545 663 8
546 675 22
546 704 36
546 466 17
546 156 5
547 242 -1
547 553 48
547 116 40
547 586 28
548 644 -7
548 606 4
548 205 9
548 213 1
549 493 13
549 245 39
549 573 22
549 621 10
550 604 -8
550 90 6
550 419 27
550 152 35
551 574 14
551 332 -5
551 516 50
551 686 46
552 325 27
552 353 18
552 23 -5
552 505 29
553 27 29
553 693 11
553 106 50
553 310 39
554 80 34
554 189 16
554 695 39
554 487 22
555 186 28
555 276 38
555 569 -5
555 487 47
556 286 21
556 5 45
556 49 -9
556 425 6
557 659 8
557 367 34
557 585 26
557 399 50
558 72 49
558 367 26
558 546 28
558 245 5
559 289 21
559 672 43
559 200 44
559 208 12
560 260 43
560 670 9
560 434 44
560 25 35
561 555 42
561 125 31
561 458 -5
561 124 4
562 724 -2
562 380 42
562 479 5
562 365 50
563 724 18
563 165 23
563 175 -7
563 597 28
564 102 4
564 457 36
564 462 35
564 647 24
565 194 42
565 567 2
565 118 27
565 262 -5
566 326 -4
566 180 9
566 591 32
566 513 11
567 610 49
567 230 2
567 537 21
567 520 47
568 290 4
568 642 39
568 69 24
568 112 41
569 679 -9
569 302 42
569 622 -4
569 422 -4
570 7 22
570 635 -9
570 158 48
570 601 21
571 319 -6
571 284 44
571 519 6
571 278 -2
572 408 19
572 325 21
572 434 31
572 376 27
573 354 30
573 32 21
573 263 -3
573 427 6
574 310 18
574 75 3
574 16 -10
574 138 9
575 64 11
575 299 -6
575 722 49
575 570 3
576 670 7
576 397 1
576 548 6
576 720 43
577 51 6
577 430 -6
577 133 27
577 521 13
578 286 8
578 231 30
578 531 18
578 534 10
579 593 13
579 270 -9
579 411 21
579 569 31
580 232 -10
580 714 4
580 371 47
580 706 19
581 83 47
581 152 29
581 375 30
581 335 10
582 621 37
582 377 4
582 36 36
582 691 28
583 334 -4
583 257 48
583 720 11
583 621 13
584 440 32
584 483 10
584 288 47
584 539 8
585 215 9
585 153 19
585 630 18
585 627 39
586 414 -8
586 661 -3
586 206 36
586 666 49
587 456 -10
587 551 47
587 364 35
587 69 45
588 454 9
588 573 27
588 498 20
588 160 7
589 178 -4
589 301 19
589 181 0
589 84 -1
590 229 37
590 22 23
590 276 4
590 718 36
591 487 33
591 387 13
591 544 -10
591 35 -8
592 624 -5
592 114 23
592 589 37
592 445 1
593 335 1
593 701 3
593 336 5
593 648 47
594 391 41
594 717 -3
594 690 5
594 581 45
595 601 3
595 257 11
595 702 48
595 230 16
596 681 -10
596 343 25
596 273 17
596 380 21
597 557 11
597 34 48
597 287 14
597 351 11
598 188 18
598 176 34
598 316 16
598 658 35
599 566 5
599 23 20
599 623 -3
599 126 -6
600 474 15
600 211 18
600 388 34
600 49 13
601 445 24
601 399 46
601 602 33
601 219 26
602 368 8
602 202 23
602 662 -10
602 667 -9
603 388 9
603 81 -6
603 528 24
603 7 24
604 635 0
604 449 -6
604 76 36
604 199 21
605 679 23
605 685 7
605 335 -8
605 182 35
606 585 -8
606 267 36
606 364 47
606 667 5
607 466 49
607 483 31
607 678 12
607 468 27
608 609 19
608 360 41
608 703 39
608 476 27
609 101 22
609 409 32
609 165 13
609 142 -5
610 503 38
610 347 21
610 194 5
610 182 -3
611 595 16
611 386 29
611 18 22
611 598 6
612 345 47
612 705 8
612 309 -2
612 32 50
613 666 15
613 722 48
613 671 -10
613 223 -8
614 199 41
614 186 49
614 106 4
614 163 16
615 209 1
615 170 44
615 597 28
615 1 47
616 165 24
616 623 26
616 582 0
616 421 10
617 146 11
617 408 -6
617 718 26
617 2 26
618 598 48
618 627 23
618 302 24
618 501 12
619 178 50
619 612 10
619 144 38
619 500 22
620 406 45
620 649 19
620 17 14
620 126 34
621 203 27
621 412 -7
621 571 -5
621 226 31
622 573 19
622 266 12
622 308 37
622 451 -3
623 594 3
623 107 14
623 308 -7
623 468 34
624 390 24
624 562 16
624 140 -3
624 646 13
625 708 35
625 269 48
625 226 32
625 173 -4
626 659 3
626 394 38
626 99 28
626 328 30
627 14 30
627 707 21
627 78 3
627 623 14
628 670 24
628 465 21
628 565 20
628 339 -3
629 129 21
629 357 0
629 82 20
629 482 38
630 526 45
630 689 22
630 362 20
630 382 42
631 277 43
631 720 48
631 593 12
631 215 10
632 129 30
632 419 0
632 633 4
632 460 -5
633 328 15
633 588 43
633 29 13
633 522 13
634 67 22
634 352 14
634 391 9
634 597 27
635 12 -6
635 499 49
635 203 10
635 547 18
636 611 -1
636 93 5
636 177 -4
636 667 -9
637 62 13
637 490 43
637 39 -8
637 432 46
638 13 29
638 618 49
638 530 4
638 39 45
639 725 4
639 602 21
639 106 43
639 392 -5
640 697 -9
640 464 33
640 258 13
640 235 36
641 13 36
641 360 -4
641 637 43
641 130 30
642 570 7
642 367 -10
642 58 39
642 470 42
643 230 18
643 291 44
643 195 1
643 168 34
644 641 25
644 477 35
644 550 45
644 561 50
645 75 45
645 282 -4
645 592 18
645 263 0
646 66 6
646 600 13
646 275 36
646 383 43
647 475 34
647 643 -9
647 302 46
647 297 22
648 26 34
648 290 36
648 287 36
648 531 21
649 671 43
649 553 20
649 288 47
649 62 18
650 226 38
650 711 27
650 478 21
650 520 -5
651 2 26
651 81 5
651 427 41
651 31 31
652 344 50
652 190 40
652 490 37
652 333 12
653 320 33
653 91 14
653 308 2
653 538 23
654 342 11
654 123 19
654 617 13
654 144 20
655 224 45
655 160 36
655 256 21
655 544 2
656 556 3
656 306 4
656 565 44
656 182 -5
657 202 14
657 512 23
657 321 49
657 474 -7
658 290 33
658 288 16
658 58 48
658 436 7
659 561 12
659 495 -5
659 610 7
659 287 34
660 572 28
660 25 27
660 535 19
660 607 49
661 667 30
661 343 7
661 20 45
661 93 0
662 502 22
662 600 25
662 441 45
662 657 11
663 316 42
663 246 31
663 322 12
663 167 27
664 617 49
664 451 29
664 567 29
664 101 31
665 473 30
665 55 40
665 65 -3
665 487 32
666 52 19
666 227 35
666 424 -4
666 398 44
667 36 16
667 694 32
667 98 -8
667 309 5
668 144 34
668 18 8
668 565 29
668 191 43
669 306 -7
669 35 45
669 554 49
669 162 3
670 58 27
670 548 13
670 322 2
670 79 8
671 65 45
671 370 44
671 302 8
671 109 10
672 264 0
672 474 21
672 485 -5
672 94 7
673 552 24
673 348 13
673 718 35
673 229 16
674 195 48
674 287 -9
674 528 40
674 255 42
675 320 24
675 574 14
675 367 44
675 444 26
676 602 13
676 10 13
676 342 -4
676 184 39
677 382 43
677 716 4
677 608 44
677 690 -8
678 384 -7
678 569 46
678 154 13
678 371 43
679 393 46
679 61 35
679 209 42
679 39 47
680 676 14
680 471 2
680 212 50
680 479 28
681 60 32
681 428 -9
681 461 13
681 261 5
682 278 46
682 595 30
682 613 4
682 164 37
683 212 21
683 639 14
683 514 8
683 595 41
684 487 30
684 221 27
684 335 21
684 387 11
685 191 -3
685 543 46
685 678 25
685 514 4
686 181 24
686 74 -4
686 443 4
686 104 41
687 185 43
687 542 25
687 645 15
687 343 13
688 390 18
688 539 31
688 150 44
688 279 49
689 233 8
689 259 14
689 708 14
689 727 25
690 440 4
690 168 32
690 34 -5
690 62 48
691 537 26
691 487 1
691 363 4
691 233 -8
692 89 28
692 623 5
692 392 9
692 167 -10
693 493 -3
693 400 17
693 552 38
693 356 4
694 338 6
694 158 -2
694 483 2
694 153 -6
695 397 -7
695 309 28
695 62 39
695 520 2
696 128 34
696 482 23
696 170 -10
696 662 1
697 110 45
697 262 11
697 507 -10
697 191 28
698 642 -10
698 389 12
698 382 -10
698 163 -5
699 609 45
699 56 43
699 150 -8
699 192 7
700 710 1
700 684 11
700 693 -3
700 235 43
701 648 45
701 106 25
701 467 26
701 488 -6
702 91 -4
702 668 10
702 31 26
702 59 8
703 20 33
703 689 24
703 195 34
703 376 38
704 633 23
704 627 26
704 128 -2
704 340 0
705 165 12
705 488 7
705 703 3
705 700 16
706 212 -4
706 625 44
706 335 4
706 205 5
707 648 -7
707 687 39
707 200 -1
707 717 31
708 632 38
708 194 47
708 103 29
708 500 28
709 224 -9
709 74 -3
709 362 18
709 634 1
710 662 46
710 340 28
710 536 6
710 464 45
711 601 -6
711 221 49
711 611 -2
711 485 49
712 267 0
712 261 34
712 554 12
712 237 24
713 215 18
713 685 35
713 64 17
713 583 26
714 339 17
714 510 47
714 345 14
714 499 37
715 80 23
715 290 41
715 672 20
715 30 -10
716 223 3
716 41 10
716 296 -5
716 553 24
717 325 -1
717 162 -3
717 348 14
717 586 48
718 380 11
718 110 45
718 496 30
718 214 -10
719 667 5
719 46 -7
719 255 42
719 512 12
720 705 42
720 82 32
720 118 -4
720 388 25
721 80 4
721 390 -2
721 110 38
721 612 46
722 439 13
722 564 12
722 469 1
722 419 41
723 197 4
723 377 40
723 270 12
723 564 6
724 2 49
724 126 0
724 537 30
724 223 9
725 687 38
725 688 -2
725 366 11
725 35 23
726 269 21
726 79 15
726 631 49
726 593 33
727 399 36
727 414 32
727 312 28
727 458 11
728 316 27
728 450 -1
728 480 12
728 475 6
729 146 11
729 682 19
729 678 6
729 449 32
==========================
1 206 -10
1 561 9
1 622 9
2 331 4
2 475 45
2 533 -1
3 260 17
3 510 2
3 21 45
4 110 30
4 326 32
4 344 48
5 382 11
5 166 10
5 89 -5
6 464 7
6 213 21
6 535 31
7 173 27
7 238 0
7 541 27
8 501 -6
8 672 -3
8 505 30
9 462 -10
9 367 30
9 265 3
10 198 -3
10 42 -3
10 543 18
11 380 -5
11 82 -10
11 586 14
12 312 22
12 487 -2
12 51 -10
13 329 33
13 610 14
13 234 30
14 502 39
14 36 30
14 76 9
15 425 35
15 475 30
15 64 27
16 50 2
16 410 49
16 554 48
17 46 8
17 285 50
17 416 30
18 54 12
18 205 26
18 307 46
19 151 -8
19 464 46
19 270 40
20 94 17
20 417 20
20 585 -8
21 117 2
21 438 -5
21 159 9
22 697 4
22 141 48
22 564 23
23 346 30
23 295 19
23 320 47
24 455 8
24 431 16
24 46 43
25 338 45
25 461 23
25 144 18
26 352 12
26 590 29
26 294 39
27 169 25
27 225 7
27 720 8
28 433 7
28 171 27
28 84 5
29 225 43
29 404 20
29 574 18
30 555 22
30 523 34
30 67 1
31 603 25
31 690 22
31 588 36
32 201 50
32 148 45
32 114 23
33 105 22
33 369 14
33 26 35
34 651 36
34 643 21
34 321 -2
35 545 14
35 649 35
35 156 -9
36 521 39
36 622 23
36 330 48
37 606 -6
37 218 32
37 225 9
38 22 40
38 349 29
38 654 -4
39 152 8
39 38 47
39 289 38
40 103 37
40 631 37
40 366 6
41 152 8
41 561 -10
41 719 33
42 226 29
42 169 20
42 323 42
43 481 2
43 306 15
43 677 29
44 68 16
44 36 -10
44 713 43
45 165 19
45 264 34
45 197 24
46 663 21
46 360 37
46 687 7
47 344 38
47 295 43
47 574 30
48 32 50
48 686 -2
48 434 -10
49 715 36
49 290 -3
49 17 31
50 684 22
50 238 -2
50 253 31
51 19 7
51 396 13
51 431 33
52 151 0
52 256 11
52 153 39
53 63 -8
53 133 -7
53 588 9
54 605 45
54 188 -7
54 366 49
55 366 22
55 622 19
55 549 38
56 455 -1
56 435 20
56 415 4
57 15 14
57 197 49
57 362 7
58 502 41
58 264 -8
58 231 22
59 250 38
59 672 15
59 293 25
60 386 29
60 436 24
60 404 22
61 27 -4
61 546 30
61 347 15
62 33 49
62 644 40
62 543 19
63 465 50
63 696 39
63 437 28
64 615 -10
64 629 7
64 254 -5
65 522 25
65 157 48
65 103 2
66 304 41
66 640 39
66 133 36
67 341 15
67 697 39
67 576 15
68 693 8
68 54 46
68 138 25
69 336 9
69 512 0
69 382 5
70 380 46
70 577 42
70 89 3
71 315 46
71 172 41
71 184 3
72 270 24
72 615 29
72 487 36
73 696 20
73 498 15
73 233 10
74 487 35
74 578 30
74 116 -4
75 301 47
75 450 -7
75 67 11
76 401 -7
76 136 35
76 616 9
77 477 50
77 589 -7
77 598 -4
78 476 30
78 550 -9
78 116 4
79 665 43
79 472 21
79 165 -9
80 660 9
80 489 3
80 473 35
81 405 -5
81 366 39
81 141 18
82 644 25
82 601 -9
82 24 10
83 150 36
83 707 0
83 443 -8
84 267 42
84 604 29
84 634 38
85 690 14
85 554 -8
85 237 36
86 190 37
86 240 39
86 121 23
87 16 0
87 153 1
87 70 40
88 341 42
88 480 -7
88 136 7
89 625 48
89 109 47
89 597 -2
90 375 50
90 417 45
90 624 -4
91 465 1
91 702 38
91 612 22
92 619 14
92 318 -10
92 247 -1
93 594 29
93 415 3
93 212 16
94 2 45
94 335 36
94 336 38
95 433 5
95 277 4
95 502 21
96 70 -6
96 471 6
96 48 24
97 292 12
97 543 27
97 129 3
98 245 -1
98 252 -8
98 574 11
99 299 24
99 135 21
99 37 4
100 575 10
100 441 13
100 565 -6
101 514 26
101 133 27
101 511 -3
102 70 43
102 61 27
102 725 -7
103 160 14
103 523 27
103 545 4
104 142 30
104 622 47
104 276 -9
105 259 22
105 43 37
105 360 9
106 292 24
106 126 -6
106 15 26
107 189 -3
107 453 9
107 187 47
108 709 6
108 702 27
108 529 31
109 388 45
109 658 17
109 726 14
110 108 42
110 178 23
110 626 -3
111 638 22
111 429 14
111 534 -2
112 380 -8
112 543 26
112 667 36
113 602 38
113 418 46
113 464 18
114 15 13
114 672 2
114 17 0
115 148 21
115 470 19
115 430 -5
116 538 22
116 30 49
116 121 3
117 636 42
117 317 21
117 302 -3
118 471 15
118 184 40
118 103 16
119 96 38
119 25 23
119 549 -3
120 470 40
120 661 5
120 23 17
121 174 39
121 128 31
121 583 3
122 567 28
122 633 -8
122 695 2
123 356 -7
123 360 29
123 640 22
124 159 3
124 547 44
124 228 16
125 166 39
125 154 -7
125 189 25
126 196 47
126 110 39
126 507 49
127 522 2
127 345 20
127 182 19
128 82 5
128 657 48
128 480 3
129 240 33
129 136 10
129 341 33
130 526 2
130 21 29
130 33 42
131 674 26
131 572 44
131 553 8
132 183 -6
132 638 6
132 500 23
133 18 7
133 144 40
133 479 22
134 227 5
134 103 -8
134 422 11
135 512 36
135 161 32
135 473 -7
136 467 -2
136 419 10
136 468 1
137 511 36
137 232 40
137 704 37
138 447 39
138 222 13
138 370 29
139 232 30
139 409 20
139 682 -3
140 67 -9
140 514 9
140 205 43
141 485 5
141 298 46
141 564 18
142 196 29
142 551 35
142 588 44
143 275 47
143 133 42
143 523 26
144 175 32
144 217 47
144 243 28
145 365 11
145 368 14
145 296 20
146 334 3
146 452 -8
146 107 -2
147 683 -4
147 326 35
147 344 1
148 609 37
148 173 29
148 687 39
149 514 7
149 460 27
149 60 2
150 32 -1
150 222 7
150 569 44
151 610 3
151 511 42
151 456 8
152 490 11
152 412 34
152 526 29
153 420 21
153 16 40
153 75 30
154 17 12
154 75 49
154 206 -5
155 661 -2
155 168 24
155 189 27
156 226 25
156 470 16
156 7 43
157 423 28
157 91 5
157 250 -2
158 666 -8
158 722 12
158 636 40
159 507 16
159 365 0
159 577 38
160 129 25
160 23 21
160 378 13
161 90 5
161 5 38
161 419 38
162 592 13
162 231 34
162 657 5
163 93 18
163 327 35
163 370 -2
164 530 27
164 437 24
164 481 33
165 347 21
165 29 -1
165 282 4
166 108 40
166 666 41
166 126 20
167 367 26
167 425 -2
167 469 -9
168 552 -6
168 464 19
168 140 29
169 44 -1
169 124 12
169 633 30
170 51 45
170 632 39
170 434 13
171 157 -6
171 640 19
171 532 -1
172 8 50
172 659 7
172 333 50
173 392 -7
173 725 31
173 645 40
174 440 -8
174 150 -2
174 634 -10
175 558 28
175 48 15
175 4 48
176 89 24
176 101 16
176 643 20
177 83 7
177 215 -2
177 351 46
178 228 14
178 372 23
178 7 34
179 144 21
179 362 21
179 64 23
180 52 48
180 86 40
180 584 24
181 70 16
181 317 29
181 219 10
182 133 50
182 538 10
182 450 18
183 282 -8
183 12 -9
183 145 10
184 666 -5
184 329 -8
184 353 35
185 183 31
185 496 49
185 412 39
186 334 43
186 600 32
186 226 11
187 717 -3
187 718 36
187 721 3
188 318 3
188 705 -1
188 348 26
189 617 32
189 555 42
189 347 45
190 444 45
190 227 45
190 52 29
191 703 -1
191 391 5
191 85 -2
192 420 -9
192 546 45
192 55 6
193 352 22
193 159 2
193 208 28
194 565 5
194 383 10
194 557 12
195 606 32
195 582 -5
195 669 49
196 439 34
196 409 10
196 93 18
197 385 35
197 162 6
197 173 23
198 164 -10
198 671 18
198 525 42
199 668 9
199 102 27
199 222 -10
200 620 3
200 434 -4
200 20 26
201 204 2
201 115 29
201 32 16
202 311 35
202 533 8
202 108 13
203 498 -4
203 540 -1
203 21 -4
204 113 14
204 422 26
204 601 34
205 256 20
205 159 11
205 555 2
206 303 -7
206 576 11
206 326 -1
207 125 36
207 661 28
207 417 41
208 646 39
208 147 3
208 604 -10
209 482 40
209 90 3
209 258 36
210 295 37
210 98 -8
210 578 -6
211 591 7
211 245 40
211 537 -6
212 27 15
212 15 29
212 602 -10
213 357 -10
213 575 23
213 714 9
214 544 11
214 208 43
214 561 12
215 623 45
215 662 20
215 488 -3
216 195 7
216 432 28
216 372 -8
217 328 35
217 683 43
217 320 15
218 726 13
218 672 42
218 371 25
219 302 12
219 366 3
219 719 15
220 479 10
220 645 45
220 295 29
221 245 22
221 485 10
221 633 16
222 129 1
222 275 32
222 167 -3
223 592 4
223 538 45
223 511 -7
224 131 6
224 347 -1
224 724 17
225 635 46
225 364 26
225 570 -6
226 143 45
226 153 -8
226 129 28
227 715 31
227 72 14
227 438 27
228 668 49
228 513 42
228 536 15
229 319 3
229 495 44
229 28 43
230 447 37
230 92 30
230 129 -1
231 370 35
231 728 1
231 161 1
232 152 6
232 346 2
232 89 38
233 522 14
233 312 -7
233 691 5
234 237 20
234 222 16
234 262 43
235 68 10
235 358 37
235 356 -6
236 315 7
236 58 42
236 505 -2
237 468 7
237 305 40
237 624 -2
238 503 -10
238 569 48
238 392 39
239 652 46
239 110 37
239 410 5
240 514 -8
240 150 36
240 447 10
241 261 44
241 685 49
241 262 42
242 300 -10
242 424 24
242 506 45
243 456 28
243 58 21
243 416 -1
244 77 23
244 654 -4
244 12 -10
245 674 18
245 525 27
245 726 -1
246 378 35
246 527 47
246 691 30
247 124 39
247 65 34
247 67 29
248 610 6
248 484 7
248 316 -2
249 373 18
249 562 19
249 674 46
250 139 33
250 6 17
250 726 -3
251 72 -1
251 139 9
251 580 27
252 322 2
252 716 5
252 262 36
253 470 -2
253 579 41
253 546 3
254 623 28
254 113 0
254 105 6
255 284 37
255 167 30
255 474 -1
256 49 48
256 339 9
256 206 29
257 143 -9
257 433 -5
257 356 3
258 477 25
258 525 40
258 120 1
259 119 43
259 587 29
259 5 -6
260 701 13
260 410 -9
260 627 10
261 50 40
261 171 9
261 20 13
262 182 17
262 105 30
262 479 24
263 233 -2
263 655 25
263 458 3
264 375 17
264 142 42
264 94 18
265 270 6
265 204 24
265 553 27
266 486 7
266 364 34
266 249 48
267 38 -6
267 12 5
267 207 7
268 633 -9
268 138 -2
268 81 -2
269 562 25
269 445 2
269 177 8
270 637 -10
270 237 23
270 585 39
271 350 12
271 202 23
271 488 1
272 637 38
272 543 40
272 546 -7
273 2 -8
273 317 48
273 402 12
274 470 14
274 130 -4
274 90 25
275 466 29
275 103 -9
275 531 -1
276 414 32
276 419 47
276 178 6
277 171 8
277 399 49
277 675 8
278 534 13
278 404 16
278 415 3
279 115 10
279 674 13
279 689 21
280 25 -10
280 296 24
280 454 43
281 465 43
281 397 3
281 450 8
282 305 40
282 712 33
282 427 -10
283 29 48
283 349 28
283 454 -6
284 25 28
284 320 11
284 279 34
285 641 36
285 388 34
285 292 -3
286 530 -5
286 38 40
286 713 20
287 92 22
287 327 18
287 453 42
288 14 26
288 13 47
288 90 49
289 387 -2
289 190 39
289 367 5
290 513 4
290 145 15
290 619 -5
291 573 42
291 305 24
291 50 46
292 38 -7
292 562 16
292 609 3
293 623 23
293 681 12
293 41 47
294 495 19
294 155 26
294 530 33
295 254 6
295 78 21
295 348 39
296 663 -7
296 521 -10
296 689 50
297 60 1
297 492 3
297 333 48
298 85 26
298 699 25
298 528 17
299 105 20
299 453 5
299 588 -3
300 88 19
300 539 49
300 203 21
301 180 -9
301 706 18
301 358 6
302 166 4
302 30 29
302 322 4
303 119 30
303 75 -4
303 721 19
304 570 29
304 379 12
304 569 24
305 621 34
305 600 -7
305 73 40
306 75 36
306 535 40
306 503 0
307 498 33
307 227 48
307 391 23
308 631 28
308 361 -9
308 390 42
309 131 0
309 444 20
309 132 13
310 42 -10
310 595 -5
310 114 14
311 435 -3
311 48 2
311 629 16
312 258 48
312 263 4
312 501 -7
313 535 23
313 430 7
313 291 50
314 354 -10
314 322 29
314 296 36
315 133 -2
315 561 -9
315 631 46
316 573 17
316 25 -9
316 522 40
317 725 10
317 264 8
317 550 33
318 546 41
318 110 34
318 71 40
319 44 36
319 566 17
319 202 5
320 242 6
320 400 49
320 425 43
321 387 20
321 245 -5
321 468 21
322 412 45
322 457 35
322 571 46
323 28 19
323 347 7
323 164 4
324 212 -7
324 633 20
324 727 41
325 471 13
325 575 0
325 459 -1
326 274 8
326 225 50
326 381 -10
327 314 -3
327 706 5
327 195 30
328 320 48
328 539 10
328 666 23
329 641 18
329 83 -9
329 402 3
330 669 21
330 262 1
330 163 -3
331 34 20
331 157 45
331 96 25
332 390 36
332 702 23
332 222 32
333 161 9
333 170 22
333 43 47
334 667 37
334 694 -3
334 355 35
335 567 -7
335 520 -10
335 707 3
336 460 14
336 522 1
336 578 -5
337 411 50
337 425 46
337 282 -9
338 476 4
338 484 38
338 277 16
339 465 13
339 642 -8
339 122 9
340 530 9
340 673 25
340 627 22
341 563 8
341 167 10
341 507 49
342 603 4
342 149 40
342 256 45
343 518 39
343 171 44
343 295 42
344 316 30
344 382 23
344 31 44
345 510 47
345 365 4
345 198 3
346 144 32
346 694 44
346 617 35
347 555 17
347 215 8
347 226 26
348 9 -8
348 713 7
348 520 26
349 321 2
349 5 46
349 550 35
350 319 37
350 528 33
350 94 42
351 224 31
351 314 17
351 466 26
352 670 34
352 310 27
352 124 -3
353 82 37
353 106 35
353 430 -3
354 483 -1
354 172 16
354 305 12
355 470 49
355 661 23
355 670 7
356 599 5
356 88 18
356 152 14
357 702 0
357 97 25
357 545 45
358 120 26
358 438 2
358 456 35
359 84 32
359 451 47
359 571 -3
360 367 36
360 416 8
360 676 -6
361 474 2
361 620 28
361 316 30
362 344 23
362 381 21
362 136 44
363 494 -2
363 446 30
363 692 11
364 700 -8
364 646 23
364 231 -4
365 136 23
365 159 -4
365 185 25
366 61 36
366 51 33
366 584 37
367 291 40
367 497 -9
367 224 -6
368 596 11
368 681 18
368 386 44
369 184 28
369 514 38
369 178 41
370 570 25
370 260 49
370 48 13
371 166 17
371 107 30
371 17 42
372 351 11
372 118 2
372 679 30
373 312 -3
373 19 11
373 644 48
374 310 5
374 608 35
374 70 28
375 652 40
375 497 -6
375 106 8
376 119 11
376 175 34
376 257 47
377 405 9
377 362 -9
377 170 4
378 519 38
378 526 15
378 106 -3
379 443 37
379 126 39
379 122 1
380 228 18
380 184 15
380 338 26
381 139 16
381 383 32
381 467 25
382 580 37
382 717 11
382 202 4
383 495 30
383 234 -10
383 640 41
384 563 15
384 717 19
384 481 47
385 180 26
385 376 31
385 3 40
386 43 30
386 362 12
386 46 42
387 181 4
387 273 34
387 458 46
388 175 12
388 357 -4
388 331 2
389 336 10
389 443 46
389 57 35
390 597 21
390 514 -8
390 552 34
391 372 7
391 97 3
391 110 42
392 652 35
392 142 1
392 367 18
393 188 2
393 622 35
393 484 15
394 320 46
394 609 49
394 168 48
395 61 -4
395 389 45
395 214 24
396 32 28
396 243 -10
396 142 -8
397 22 5
397 151 5
397 174 -9
398 337 -3
398 373 29
398 635 33
399 143 12
399 380 29
399 116 1
400 411 -6
400 390 19
400 605 45
401 651 2
401 574 31
401 193 28
402 506 49
402 684 -9
402 719 2
403 5 21
403 229 39
403 513 26
404 554 -1
404 326 10
404 464 -2
405 35 18
405 233 10
405 121 47
406 666 34
406 694 43
406 636 46
407 617 -10
407 123 22
407 203 24
408 294 26
408 12 30
408 59 40
409 679 32
409 177 50
409 463 12
410 656 43
410 199 2
410 341 0
411 508 11
411 105 31
411 288 28
412 559 1
412 662 25
412 93 -5
413 649 0
413 486 29
413 162 -5
414 443 6
414 299 28
414 494 26
415 534 15
415 29 27
415 551 23
416 102 37
416 380 22
416 675 -5
417 141 43
417 129 -6
417 4 14
418 303 -5
418 370 41
418 518 49
419 198 34
419 651 2
419 200 4
420 107 8
420 139 23
420 669 24
421 30 -5
421 240 6
421 56 46
422 297 38
422 363 48
422 36 47
423 158 6
423 57 31
423 439 39
424 161 39
424 342 6
424 453 6
425 727 38
425 561 50
425 240 32
426 650 48
426 183 17
426 241 0
427 65 25
427 393 14
427 655 41
428 253 42
428 516 21
428 311 -10
429 77 25
429 442 25
429 569 46
430 659 29
430 560 29
430 176 -8
431 615 34
431 560 30
431 667 5
432 184 0
432 7 -1
432 264 7
433 80 29
433 486 8
433 96 18
434 41 34
434 171 0
434 727 44
435 522 19
435 89 12
435 652 8
436 643 12
436 715 17
436 613 -4
437 644 34
437 118 13
437 115 5
438 372 49
438 183 29
438 484 14
439 72 2
439 129 35
439 658 3
440 215 13
440 545 34
440 598 -3
441 641 16
441 104 4
441 378 -4
442 39 8
442 176 -6
442 248 28
443 215 0
443 46 -10
443 80 42
444 89 20
444 333 26
444 175 50
445 200 16
445 176 32
445 310 27
446 382 12
446 442 17
446 287 -6
447 123 38
447 277 3
447 516 44
448 564 41
448 60 33
448 632 36
449 259 46
449 253 -9
449 188 24
450 438 29
450 33 39
450 464 -1
451 669 -8
451 21 32
451 443 22
452 242 7
452 220 25
452 149 43
453 411 24
453 198 47
453 556 20
454 408 6
454 724 20
454 102 25
455 226 -10
455 310 45
455 46 -10
456 700 26
456 139 28
456 588 28
457 140 34
457 418 6
457 29 29
458 284 -4
458 482 46
458 165 39
459 336 34
459 492 -5
459 537 19
460 163 -4
460 194 20
460 269 46
461 720 -1
461 42 7
461 126 37
462 640 16
462 172 17
462 615 7
463 148 -10
463 356 27
463 39 12
464 222 44
464 380 2
464 18 8
465 361 -8
465 713 4
465 694 18
466 531 43
466 256 15
466 327 17
467 553 47
467 220 1
467 315 13
468 293 19
468 149 -5
468 102 8
469 688 -2
469 685 33
469 208 -3
470 313 50
470 73 -3
470 567 44
471 578 15
471 76 20
471 8 39
472 622 50
472 461 33
472 176 24
473 660 26
473 268 6
473 206 8
474 387 41
474 627 43
474 526 -1
475 321 10
475 105 -1
475 599 2
476 553 8
476 440 16
476 444 28
477 116 47
477 690 19
477 576 -5
478 476 13
478 461 10
478 297 8
479 510 -4
479 462 7
479 15 50
480 56 -7
480 11 11
480 31 37
481 15 34
481 506 -10
481 364 42
482 609 17
482 216 -7
482 449 -8
483 439 30
483 199 49
483 202 41
484 549 17
484 445 34
484 398 30
485 587 9
485 292 7
485 592 -8
486 262 27
486 466 14
486 387 43
487 326 36
487 525 48
487 543 19
488 193 35
488 442 -4
488 360 50
489 459 -5
489 66 50
489 542 -10
490 405 -3
490 220 48
490 690 -6
491 178 16
491 716 -6
491 626 45
492 635 -7
492 564 1
492 371 44
493 672 43
493 50 18
493 414 45
494 696 47
494 453 0
494 227 15
495 14 50
495 326 8
495 97 42
496 213 23
496 716 13
496 556 -5
497 61 24
497 467 14
497 197 -9
498 371 -1
498 176 30
498 629 24
499 380 -3
499 103 21
499 357 46
500 114 44
500 655 -7
500 529 44
501 677 3
501 395 34
501 604 13
502 42 -5
502 394 19
502 79 43
503 515 -1
503 381 39
503 154 10
504 174 23
504 697 4
504 311 23
505 576 10
505 550 41
505 597 46
506 652 -8
506 473 33
506 120 -8
507 242 17
507 581 -7
507 12 22
508 358 2
508 322 -7
508 63 49
509 689 41
509 198 11
509 211 48
510 284 34
510 673 27
510 387 24
511 116 23
511 475 14
511 722 44
512 36 12
512 355 -4
512 414 16
513 586 21
513 362 22
513 79 45
514 201 50
514 721 30
514 161 46
515 455 36
515 220 34
515 261 -8
516 703 23
516 324 1
516 448 13
517 509 28
517 706 45
517 221 19
518 301 4
518 266 16
518 232 26
519 213 19
519 473 48
519 360 41
520 503 50
520 300 16
520 178 44
521 381 11
521 709 36
521 34 36
522 684 29
522 455 18
522 225 22
523 584 13
523 630 10
523 600 0
524 319 21
524 485 20
524 421 10
525 598 10
525 33 -5
525 580 25
526 654 36
526 517 21
526 407 22
527 710 14
527 715 49
527 517 9
528 170 40
528 74 50
528 121 -7
529 369 30
529 23 30
529 660 25
530 219 49
530 676 -1
530 497 46
531 495 38
531 149 41
531 444 11
532 367 23
532 53 33
532 619 4
533 544 -10
533 343 37
533 170 34
534 632 22
534 425 1
534 678 44
535 694 -3
535 59 45
535 227 22
536 37 -6
536 235 38
536 460 3
537 515 6
537 609 6
537 259 45
538 127 23
538 536 49
538 109 32
539 316 34
539 273 28
539 239 34
540 521 -5
540 265 44
540 315 21
541 408 -5
541 587 14
541 358 20
542 18 33
542 455 24
542 237 38
543 695 32
543 589 41
543 137 42
544 226 12
544 688 49
544 591 45
545 93 49
545 21 21
545 703 12
546 344 47
546 595 35
546 571 34
547 344 48
547 212 -5
547 711 20
548 545 -1
548 19 -6
548 381 24
549 404 33
549 338 27
549 58 9
550 264 19
550 157 15
550 272 35
551 400 45
551 623 -8
551 214 46
552 86 26
552 439 1
552 433 50
553 668 18
553 497 30
553 372 1
554 216 28
554 32 39
554 721 44
555 385 1
555 234 12
555 607 32
556 723 34
556 558 24
556 338 -1
557 367 26
557 685 1
557 407 -10
558 608 32
558 72 47
558 163 36
559 710 -2
559 639 1
559 65 25
560 625 3
560 23 44
560 491 1
561 690 39
561 306 -9
561 34 17
562 64 42
562 16 28
562 358 31
563 545 9
563 39 15
563 513 33
564 638 16
564 183 6
564 580 21
565 296 21
565 410 -10
565 371 1
566 270 20
566 268 17
566 549 46
567 455 -8
567 703 -2
567 293 34
568 343 37
568 231 -8
568 177 25
569 296 29
569 553 30
569 707 8
570 157 41
570 3 -10
570 385 2
571 407 48
571 710 35
571 439 29
572 443 -6
572 540 29
572 514 0
573 232 20
573 77 -8
573 631 37
574 517 46
574 614 23
574 39 1
575 648 19
575 148 25
575 110 34
576 157 14
576 583 16
576 604 38
577 554 36
577 323 24
577 242 25
578 505 30
578 44 36
578 125 10
579 54 4
579 678 32
579 518 25
580 660 0
580 116 49
580 288 4
581 659 -2
581 638 13
581 184 13
582 256 2
582 462 33
582 336 11
583 57 31
583 668 49
583 16 37
584 653 -9
584 466 -9
584 382 43
585 620 6
585 81 8
585 183 25
586 617 -6
586 423 -1
586 298 0
587 515 37
587 565 1
587 608 39
588 166 46
588 164 26
588 687 -4
589 42 38
589 498 -1
589 365 30
590 326 40
590 206 -4
590 494 16
591 300 39
591 486 12
591 456 22
592 75 12
592 104 6
592 220 0
593 588 9
593 494 -1
593 337 23
594 556 -7
594 124 -7
594 717 17
595 662 14
595 262 4
595 233 -10
596 139 2
596 409 -4
596 484 29
597 114 24
597 723 46
597 215 14
598 690 6
598 527 14
598 30 26
599 622 13
599 605 8
599 460 44
600 454 17
600 329 44
600 164 9
601 82 23
601 232 42
601 155 19
602 353 -5
602 18 47
602 16 -3
603 423 31
603 703 8
603 482 47
604 505 -8
604 107 25
604 414 49
605 268 1
605 264 33
605 477 15
606 49 36
606 552 17
606 355 23
607 277 18
607 584 20
607 379 14
608 703 8
608 425 3
608 697 10
609 698 16
609 345 37
609 263 1
610 121 31
610 270 21
610 494 2
611 366 -5
611 728 13
611 178 22
612 157 -6
612 34 -1
612 548 -4
613 450 14
613 251 7
613 681 -9
614 158 -10
614 572 28
614 231 13
615 396 8
615 164 20
615 176 24
616 484 12
616 553 20
616 290 38
617 91 -6
617 327 6
617 164 48
618 503 44
618 648 49
618 345 37
619 337 -6
619 271 26
619 26 40
620 339 49
620 595 11
620 129 26
621 188 7
621 115 14
621 330 35
622 171 29
622 443 18
622 578 3
623 610 22
623 532 18
623 194 46
624 353 46
624 658 3
624 442 45
625 484 -5
625 203 25
625 414 25
626 719 -8
626 392 26
626 34 0
627 547 14
627 158 0
627 241 -2
628 72 34
628 306 6
628 116 14
629 155 2
629 388 -6
629 366 17
630 451 6
630 719 -9
630 243 32
631 517 40
631 369 28
631 25 45
632 68 6
632 225 -2
632 334 4
633 330 27
633 50 8
633 485 15
634 543 17
634 623 20
634 112 10
635 352 11
635 33 48
635 666 -8
636 16 5
636 474 25
636 195 -10
637 318 44
637 9 20
637 148 0
638 601 27
638 195 21
638 407 44
639 564 2
639 417 -9
639 451 41
640 630 38
640 552 11
640 620 24
641 630 1
641 622 12
641 457 12
642 9 -3
642 574 4
642 451 16
643 499 8
643 511 27
643 301 20
644 346 15
644 112 48
644 566 32
645 583 49
645 347 25
645 191 49
646 616 42
646 125 20
646 660 30
647 176 45
647 346 29
647 160 31
648 306 49
648 565 25
648 48 44
649 576 14
649 12 -8
649 394 38
650 325 1
650 702 21
650 623 -6
651 470 21
651 725 39
651 347 -2
652 589 2
652 10 -10
652 528 1
653 70 1
653 534 35
653 333 23
654 647 47
654 620 1
654 555 46
655 17 30
655 241 31
655 381 45
656 412 41
656 364 4
656 217 18
657 308 23
657 352 48
657 161 -6
658 669 46
658 246 4
658 34 12
659 150 28
659 164 30
659 606 27
660 61 41
660 705 9
660 13 -3
661 516 13
661 721 -6
661 659 -5
662 606 -5
662 115 3
662 94 20
663 658 45
663 239 46
663 190 13
664 630 -2
664 283 1
664 631 13
665 522 39
665 351 -10
665 600 -10
666 274 19
666 164 42
666 237 4
667 699 18
667 410 -4
667 192 22
668 43 -4
668 520 10
668 483 44
669 159 4
669 365 22
669 97 -5
670 652 48
670 494 32
670 74 15
671 95 27
671 171 42
671 454 25
672 298 23
672 145 6
672 527 50
673 436 16
673 23 17
673 394 43
674 245 49
674 113 41
674 263 45
675 112 -1
675 277 24
675 130 12
676 650 46
676 448 22
676 286 25
677 65 18
677 710 36
677 190 48
678 392 13
678 330 7
678 443 1
679 514 5
679 582 7
679 148 38
680 110 41
680 729 3
680 492 29
681 367 44
681 240 33
681 521 26
682 227 -10
682 32 35
682 579 11
683 429 43
683 275 -8
683 209 8
684 199 0
684 705 12
684 179 23
685 366 48
685 485 26
685 338 9
686 701 -2
686 548 41
686 240 -10
687 74 13
687 303 8
687 361 23
688 183 12
688 319 2
688 438 48
689 251 25
689 451 34
689 344 47
690 594 40
690 60 30
690 102 48
691 424 -2
691 602 2
691 372 16
692 71 23
692 307 10
692 216 28
693 267 38
693 349 42
693 109 -7
694 510 49
694 88 11
694 294 1
695 463 48
695 232 28
695 102 34
696 68 2
696 728 -2
696 266 0
697 175 39
697 478 19
697 454 43
698 200 36
698 448 39
698 693 33
699 603 1
699 637 3
699 189 43
700 322 5
700 107 29
700 145 37
701 269 -5
701 492 38
701 81 16
702 110 -8
702 111 10
702 558 13
703 217 41
703 245 18
703 409 -2
704 640 38
704 728 29
704 378 32
705 428 26
705 429 16
705 376 46
706 128 8
706 264 30
706 196 22
707 208 23
707 20 32
707 384 47
708 367 32
708 269 46
708 728 6
709 589 21
709 134 32
709 540 7
710 5 50
710 12 36
710 557 36
711 388 23
711 227 39
711 177 -7
712 552 41
712 105 6
712 69 44
713 323 10
713 33 28
713 276 32
714 269 30
714 195 -6
714 721 2
715 173 44
715 96 3
715 581 10
716 20 16
716 541 34
716 350 2
717 95 -3
717 329 16
717 165 47
718 437 43
718 608 27
718 439 24
719 613 50
719 384 31
719 242 31
720 31 23
720 646 0
720 229 42
721 353 24
721 469 28
721 45 8
722 622 43
722 130 -10
722 233 27
723 209 19
723 470 50
723 477 41
724 482 38
724 540 34
724 292 31
725 623 23
725 194 -4
725 263 21
726 107 7
726 662 -2
726 683 32
727 722 -9
727 36 6
727 135 23
728 27 25
728 74 2
728 311 8
729 343 -2
729 19 36
729 34 36
