1 614 10
1 717 19
1 521 41
1 497 -10
2 327 14
2 696 37
2 588 10
2 652 7
3 191 41
3 276 8
3 612 42
3 39 4
4 357 40
4 73 41
4 611 0
4 361 43
5 269 18
5 32 -1
5 605 0
5 252 5
6 294 6
6 548 34
6 469 25
6 352 34
7 534 13
7 111 3
7 417 45
7 681 21
8 125 26
8 157 17
8 235 3
8 410 4
9 413 2
9 591 -2
9 534 33
9 527 -5
10 99 3
10 612 36
10 12 12
10 553 -4
11 563 -9
11 536 -9
11 348 17
11 51 11
12 54 2
12 720 -3
12 703 13
12 721 0
13 190 28
13 328 33
13 602 36
13 509 4
14 37 14
14 252 -9
14 628 -2
14 532 29
15 449 27
15 338 45
15 161 4
15 221 3
16 339 14
16 98 13
16 229 2
16 559 28
17 79 3
17 357 47
17 334 22
17 136 49
18 276 0
18 718 31
18 143 17
18 499 28
19 236 -8
19 218 21
19 220 5
19 531 31
20 382 9
20 696 34
20 124 7
20 498 23
21 141 -1
21 403 31
21 491 19
21 687 23
22 185 26
22 350 -2
22 296 50
22 162 -5
23 40 22
23 613 -3
23 645 48
23 491 -3
24 526 39
24 635 34
24 288 21
24 573 19
25 573 15
25 447 13
25 703 29
25 376 -7
26 687 50
26 324 28
26 307 27
26 527 27
27 162 11
27 492 14
27 36 18
27 496 -4
28 412 2
28 632 0
28 166 1
28 380 15
29 211 6
29 709 -9
29 139 47
29 578 18
30 66 6
30 711 -1
30 96 -4
30 153 31
31 377 15
31 511 50
31 337 0
31 118 -5
32 549 -8
32 434 27
32 472 39
32 326 17
33 535 50
33 681 49
33 376 49
33 258 -4
34 79 13
34 206 34
34 710 45
34 504 17
35 76 0
35 437 11
35 241 18
35 595 8
36 440 27
36 542 -5
36 418 -5
36 529 34
37 75 -4
37 63 48
37 635 48
37 268 29
38 679 28
38 453 7
38 385 13
38 663 34
39 188 44
39 596 5
39 21 18
39 445 1
40 300 13
40 153 -5
40 390 22
40 144 37
41 331 8
41 460 23
41 223 8
41 694 36
42 52 9
42 192 1
42 678 30
42 31 45
43 408 -7
43 555 17
43 330 18
43 472 -5
44 330 17
44 726 14
44 373 20
44 108 26
45 647 39
45 654 41
45 283 -1
45 325 35
46 248 -4
46 575 29
46 185 18
46 119 28
47 185 1
47 99 38
47 304 9
47 582 25
48 416 49
48 525 15
48 31 50
48 225 11
49 566 -7
49 268 27
49 318 16
49 286 15
50 147 22
50 415 47
50 640 31
50 468 2
51 383 -9
51 554 12
51 77 -9
51 335 31
52 434 22
52 2 8
52 421 20
52 174 -7
53 253 8
53 283 37
53 613 17
53 154 43
54 484 45
54 307 -3
54 225 20
54 635 8
55 73 10
55 71 30
55 403 -3
55 134 5
56 422 39
56 556 0
56 128 15
56 287 10
57 191 -10
57 491 -5
57 328 49
57 539 14
58 406 38
58 338 27
58 67 5
58 687 13
59 345 36
59 517 -6
59 94 -2
59 396 6
60 149 29
60 693 30
60 33 36
60 244 31
61 170 19
61 452 46
61 264 32
61 259 26
62 565 44
62 378 41
62 570 20
62 283 43
63 674 20
63 503 0
63 582 -9
63 136 -8
64 45 13
64 116 0
64 156 -8
64 680 8
65 488 23
65 212 35
65 588 42
65 640 32
66 468 10
66 516 -7
66 612 30
66 490 8
67 227 3
67 324 42
67 111 27
67 23 43
68 34 22
68 593 -5
68 307 27
68 299 46
69 350 6
69 254 31
69 334 24
69 556 2
70 8 24
70 348 37
70 253 -10
70 688 48
71 680 24
71 701 48
71 648 12
71 274 -8
72 520 11
72 363 -4
72 3 -1
72 248 -8
73 691 45
73 286 16
73 554 3
73 510 21
74 518 11
74 118 39
74 413 22
74 182 27
75 459 32
75 591 6
75 347 27
75 670 26
76 217 -1
76 578 40
76 420 43
76 240 -9
77 550 2
77 3 16
77 595 49
77 716 30
78 77 23
78 506 24
78 578 31
78 373 43
79 246 16
79 708 27
79 442 29
79 111 -7
80 203 36
80 56 23
80 514 -6
80 486 -8
81 715 22
81 180 12
81 188 42
81 224 32
82 457 6
82 472 23
82 100 44
82 696 37
83 142 24
83 185 -3
83 91 -8
83 49 45
84 95 19
84 63 32
84 243 44
84 4 44
85 500 5
85 550 48
85 496 1
85 544 0
86 572 16
86 19 24
86 686 33
86 652 41
87 527 50
87 287 29
87 442 25
87 150 -8
88 520 23
88 556 41
88 311 27
88 613 8
89 123 11
89 97 47
89 33 -10
89 480 7
90 154 31
90 609 4
90 303 3
90 429 15
91 376 43
91 206 28
91 641 33
91 509 5
92 418 11
92 509 41
92 312 -9
92 569 40
93 327 44
93 173 -5
93 20 20
93 553 45
94 300 32
94 155 -9
94 288 5
94 525 31
95 343 -10
95 97 13
95 580 -8
95 306 15
96 715 -6
96 267 -5
96 369 35
96 40 24
97 724 -9
97 84 47
97 536 -7
97 159 11
98 720 -1
98 475 30
98 458 30
98 506 11
99 430 33
99 478 22
99 671 19
99 543 7
100 459 -2
100 476 26
100 390 37
100 528 -5
101 200 28
101 364 34
101 626 30
101 313 16
102 336 6
102 680 3
102 723 8
102 417 8
103 390 22
103 358 22
103 381 27
103 264 48
104 29 20
104 318 7
104 115 25
104 715 37
105 427 15
105 571 39
105 318 13
105 405 8
106 568 2
106 545 6
106 354 22
106 560 1
107 598 48
107 475 36
107 470 6
107 22 8
108 309 11
108 701 -4
108 282 -10
108 127 22
109 719 43
109 269 32
109 425 -8
109 9 -5
110 517 5
110 504 30
110 493 35
110 501 16
111 151 24
111 371 -3
111 317 -7
111 213 26
112 689 5
112 97 27
112 432 0
112 63 -7
113 451 0
113 367 10
113 484 9
113 692 38
114 610 6
114 488 39
114 7 25
114 25 -6
115 146 -8
115 622 -8
115 589 48
115 481 -2
116 634 12
116 407 -2
116 164 32
116 231 25
117 147 9
117 336 26
117 530 -9
117 243 38
118 440 9
118 213 23
118 177 45
118 87 12
119 631 31
119 205 -1
119 41 43
119 623 22
120 459 48
120 126 4
120 612 38
120 485 32
121 611 30
121 325 4
121 150 15
121 179 4
122 16 47
122 702 49
122 196 36
122 436 29
123 168 -7
123 103 6
123 212 8
123 107 24
124 171 47
124 403 39
124 670 41
124 480 4
125 597 45
125 513 6
125 280 28
125 414 -8
126 475 17
126 180 19
126 325 47
126 457 -5
127 299 27
127 146 -4
127 52 31
127 599 16
128 371 -8
128 408 6
128 137 5
128 264 -1
129 585 9
129 532 38
129 387 -2
129 75 46
130 481 15
130 382 -3
130 309 50
130 265 -4
131 165 -10
131 439 32
131 526 4
131 578 47
132 676 0
132 16 -6
132 267 38
132 472 -6
133 294 40
133 530 11
133 362 8
133 348 50
134 419 19
134 712 22
134 22 15
134 714 26
135 105 44
135 454 38
135 114 24
135 127 29
136 666 5
136 602 6
136 545 17
136 401 19
137 83 6
137 281 16
137 201 31
137 73 7
138 195 -4
138 53 39
138 314 31
138 240 -9
139 209 50
139 690 10
139 377 38
139 381 31
140 385 -10
140 242 26
140 722 28
140 587 29
141 493 15
141 510 34
141 481 -8
141 307 21
142 403 23
142 144 6
142 494 2
142 34 36
143 35 24
143 538 15
143 235 49
143 387 -7
144 19 11
144 107 -5
144 567 29
144 265 46
145 516 -9
145 223 41
145 511 -7
145 208 -5
146 257 -6
146 518 0
146 163 20
146 617 6
147 31 -6
147 551 16
147 659 50
147 219 39
148 141 38
148 259 -7
148 116 30
148 292 46
149 514 6
149 590 28
149 224 47
149 411 16
150 200 22
150 17 43
150 338 46
150 19 24
151 357 20
151 525 20
151 99 -10
151 414 50
152 681 40
152 623 7
152 106 33
152 722 -1
153 703 34
153 679 33
153 571 35
153 118 9
154 350 38
154 580 26
154 475 20
154 319 29
155 324 -1
155 72 24
155 418 46
155 207 40
156 253 42
156 454 -10
156 645 41
156 532 45
157 254 6
157 416 19
157 248 28
157 340 45
158 384 22
158 347 50
158 545 39
158 52 -6
159 338 23
159 374 -6
159 706 4
159 135 3
160 311 -3
160 386 13
160 416 41
160 515 22
161 378 25
161 709 24
161 63 44
161 445 23
162 30 47
162 106 -2
162 176 9
162 451 -6
163 22 36
163 75 38
163 162 23
163 190 4
164 482 17
164 541 0
164 355 34
164 271 2
165 617 20
165 142 13
165 291 50
165 375 22
166 669 9
166 609 41
166 610 40
166 251 31
167 180 -10
167 696 15
167 587 45
167 275 40
168 461 -8
168 246 20
168 259 39
168 321 28
169 284 30
169 132 15
169 166 48
169 216 8
170 600 13
170 556 -2
170 597 50
170 641 7
171 382 48
171 646 23
171 189 1
171 619 30
172 247 23
172 678 16
172 179 4
172 599 17
173 44 -2
173 516 47
173 250 11
173 89 22
174 722 4
174 365 36
174 364 2
174 660 25
175 198 0
175 74 25
175 660 12
175 78 28
176 270 41
176 520 9
176 448 5
176 309 1
177 383 25
177 175 5
177 107 50
177 378 9
178 665 13
178 495 27
178 90 12
178 267 40
179 636 27
179 680 11
179 278 23
179 117 45
180 104 -4
180 720 23
180 2 16
180 353 27
181 656 2
181 549 11
181 100 45
181 601 41
182 21 25
182 361 40
182 622 49
182 261 -2
183 273 39
183 317 1
183 555 40
183 574 41
184 466 48
184 388 -2
184 72 -3
184 254 44
185 687 32
185 187 -10
185 193 2
185 624 8
186 628 33
186 20 7
186 55 38
186 725 18
187 372 43
187 66 -3
187 147 33
187 402 48
188 159 40
188 190 29
188 475 35
188 50 49
189 200 17
189 352 3
189 459 50
189 60 -3
190 86 29
190 129 40
190 674 44
190 590 47
191 633 16
191 348 45
191 592 6
191 722 35
192 186 25
192 118 22
192 97 40
192 185 22
193 368 14
193 299 35
193 627 18
193 423 39
194 106 41
194 102 40
194 30 38
194 662 -3
195 664 -3
195 521 4
195 206 24
195 14 15
196 515 24
196 715 39
196 417 -4
196 433 44
197 204 50
197 12 7
197 172 43
197 638 33
198 549 19
198 255 25
198 280 25
198 428 29
199 636 21
199 510 18
199 531 6
199 105 43
200 52 -2
200 209 28
200 558 4
200 34 18
201 237 47
201 213 11
201 227 44
201 123 23
202 289 35
202 728 41
202 122 19
202 613 35
203 418 40
203 597 -3
203 576 2
203 557 5
204 673 2
204 369 43
204 281 27
204 706 13
205 254 8
205 24 23
205 561 30
205 676 44
206 588 5
206 3 16
206 710 41
206 604 27
207 430 19
207 634 33
207 254 46
207 45 46
208 499 1
208 538 2
208 315 5
208 667 44
209 72 20
209 677 10
209 581 2
209 461 48
210 196 29
210 420 42
210 262 8
210 620 47
211 293 21
211 500 38
211 326 8
211 345 -5
212 423 19
212 150 -2
212 642 -3
212 13 -5
213 129 34
213 334 38
213 538 36
213 388 35
214 21 38
214 554 -6
214 449 -10
214 13 11
215 47 -2
215 492 27
215 45 42
215 106 36
216 449 14
216 410 42
216 369 -5
216 509 41
217 362 18
217 410 18
217 563 25
217 460 15
218 542 41
218 573 -8
218 1 23
218 252 18
219 238 5
219 455 31
219 709 19
219 615 33
220 137 25
220 426 37
220 641 33
220 696 43
221 110 43
221 312 21
221 584 10
221 218 49
222 432 32
222 195 40
222 319 44
222 351 45
223 28 33
223 89 0
223 584 -7
223 253 -3
224 72 25
224 624 -2
224 347 37
224 405 34
225 50 26
225 617 21
225 230 32
225 103 -7
226 584 14
226 371 32
226 634 -3
226 133 35
227 212 39
227 332 -5
227 256 35
227 147 45
228 525 11
228 24 21
228 660 22
228 641 13
229 368 -9
229 630 7
229 106 2
229 6 -8
230 13 5
230 632 20
230 283 46
230 144 44
231 535 34
231 530 13
231 371 -5
231 140 24
232 604 46
232 722 36
232 303 42
232 373 22
233 501 34
233 358 0
233 43 33
233 89 -1
234 519 12
234 226 28
234 83 12
234 518 22
235 15 13
235 616 23
235 123 31
235 110 46
236 357 49
236 49 22
236 551 -3
236 655 1
237 723 1
237 617 -8
237 607 43
237 728 17
238 436 26
238 650 -4
238 568 37
238 191 4
239 7 20
239 28 14
239 245 12
239 717 2
240 565 9
240 101 47
240 266 27
240 698 8
241 22 21
241 576 41
241 405 24
241 282 -5
242 197 30
242 327 -1
242 355 34
242 588 36
243 463 -8
243 333 22
243 173 11
243 436 -6
244 490 -2
244 353 5
244 561 33
244 530 19
245 46 -5
245 189 28
245 296 27
245 471 -10
246 146 9
246 112 49
246 26 43
246 49 31
247 564 38
247 237 10
247 233 23
247 25 27
248 669 44
248 367 2
248 11 24
248 132 24
249 107 -4
249 388 -2
249 113 -10
249 599 0
250 255 40
250 183 17
250 694 45
250 449 37
251 570 47
251 264 34
251 628 38
251 493 23
252 188 8
252 676 17
252 442 -4
252 701 24
253 186 12
253 622 -8
253 454 16
253 521 45
254 702 -1
254 559 16
254 489 43
254 169 -3
255 683 32
255 82 5
255 211 45
255 7 30
256 41 28
256 135 15
256 372 35
256 630 2
257 537 16
257 348 -1
257 24 32
257 230 -4
258 215 -1
258 45 34
258 238 26
258 253 42
259 215 17
259 54 17
259 128 -8
259 514 36
260 382 -9
260 427 33
260 203 5
260 120 17
261 499 -3
261 568 14
261 267 25
261 690 23
262 530 -4
262 339 20
262 412 -4
262 317 39
263 347 50
263 163 39
263 61 19
263 36 28
264 313 47
264 686 30
264 225 8
264 76 12
265 539 47
265 490 19
265 55 31
265 663 14
266 402 -9
266 260 -6
266 125 -7
266 53 29
267 16 30
267 484 2
267 649 7
267 338 28
268 617 19
268 589 26
268 536 37
268 444 22
269 634 20
269 426 41
269 728 -2
269 25 35
270 116 48
270 528 38
270 248 43
270 630 27
271 266 -2
271 341 5
271 150 17
271 660 2
272 2 16
272 195 4
272 297 45
272 235 45
273 35 23
273 177 48
273 557 24
273 308 8
274 624 44
274 488 -8
274 656 45
274 376 16
275 106 -4
275 470 -1
275 568 24
275 160 5
276 263 22
276 92 7
276 395 27
276 320 27
277 122 13
277 424 22
277 616 21
277 132 48
278 289 27
278 529 11
278 611 45
278 94 47
279 204 21
279 627 26
279 16 5
279 391 3
280 402 49
280 686 19
280 670 21
280 662 45
281 176 18
281 491 40
281 446 31
281 508 34
282 336 37
282 446 19
282 491 2
282 369 17
283 201 30
283 55 -1
283 174 37
283 382 14
284 162 4
284 147 10
284 222 7
284 465 32
285 563 20
285 54 50
285 122 -4
285 559 27
286 75 25
286 519 11
286 678 6
286 40 43
287 573 9
287 396 6
287 264 39
287 80 28
288 434 11
288 47 25
288 30 -1
288 670 19
289 588 4
289 341 23
289 616 -1
289 458 42
290 509 12
290 563 1
290 587 0
290 156 14
291 428 5
291 349 49
291 605 44
291 543 47
292 466 13
292 712 48
292 19 32
292 538 42
293 709 32
293 312 -6
293 35 18
293 62 35
294 560 43
294 550 37
294 128 5
294 725 23
295 492 -4
295 591 21
295 206 1
295 58 48
296 278 38
296 675 17
296 573 12
296 581 3
297 509 26
297 655 19
297 124 -7
297 223 13
298 188 40
298 288 23
298 593 -6
298 631 -9
299 317 46
299 545 8
299 503 13
299 717 44
300 729 0
300 115 12
300 255 24
300 656 14
301 223 4
301 114 37
301 346 48
301 571 44
302 37 12
302 502 27
302 113 3
302 575 46
303 31 7
303 20 11
303 391 2
303 519 17
304 218 6
304 422 2
304 569 5
304 448 30
305 27 48
305 479 -9
305 21 0
305 24 36
306 164 -8
306 28 26
306 396 34
306 473 32
307 498 7
307 348 50
307 402 -6
307 472 5
308 499 -7
308 603 -1
308 493 15
308 222 1
309 571 23
309 721 35
309 83 47
309 487 5
310 102 23
310 512 -4
310 10 50
310 471 35
311 519 33
311 369 43
311 611 35
311 39 -7
312 626 -2
312 641 -7
312 509 31
312 596 6
313 379 16
313 257 17
313 408 -4
313 323 12
314 151 -7
314 700 -8
314 462 -9
314 644 18
315 246 -6
315 485 31
315 22 36
315 49 44
316 374 38
316 195 17
316 530 4
316 212 18
317 593 34
317 660 25
317 499 7
317 123 15
318 382 13
318 722 -6
318 176 38
318 503 27
319 509 13
319 473 28
319 405 -2
319 63 -9
320 355 10
320 311 14
320 483 26
320 200 40
321 84 47
321 187 36
321 623 28
321 396 -9
322 292 9
322 678 19
322 664 -5
322 464 28
323 198 -1
323 258 -3
323 103 8
323 281 46
324 549 9
324 376 18
324 719 47
324 721 36
325 728 39
325 721 39
325 265 16
325 368 28
326 271 13
326 78 40
326 180 21
326 334 31
327 162 23
327 326 13
327 407 6
327 365 31
328 439 5
328 721 30
328 496 -6
328 527 42
329 141 11
329 513 11
329 274 3
329 351 35
330 368 16
330 489 2
330 14 50
330 84 11
331 708 -3
331 382 -3
331 504 45
331 401 35
332 587 44
332 512 14
332 342 20
332 62 20
333 293 13
333 710 50
333 239 26
333 605 44
334 288 35
334 7 28
334 344 24
334 666 43
335 408 26
335 615 41
335 605 5
335 556 47
336 638 28
336 721 24
336 59 3
336 22 5
337 412 -7
337 705 -1
337 422 32
337 75 31
338 344 34
338 619 -7
338 519 -6
338 266 13
339 108 6
339 254 3
339 205 19
339 318 50
340 698 7
340 36 32
340 199 27
340 406 -4
341 687 47
341 63 15
341 507 -1
341 396 20
342 50 34
342 270 43
342 600 21
342 255 -7
343 330 42
343 223 47
343 692 49
343 75 17
344 671 42
344 148 6
344 322 -5
344 417 42
345 257 16
345 364 50
345 429 -7
345 55 25
346 210 43
346 719 35
346 44 43
346 51 23
347 374 28
347 479 48
347 27 14
347 241 30
348 271 2
348 692 50
348 689 35
348 450 29
349 309 43
349 415 42
349 78 15
349 430 8
350 54 -4
350 395 29
350 203 50
350 247 41
351 9 5
351 537 5
351 590 -4
351 418 40
352 350 -7
352 80 19
352 526 38
352 144 -2
353 238 44
353 666 48
353 445 38
353 337 14
354 285 25
354 162 26
354 430 48
354 532 3
355 277 12
355 387 34
355 229 -3
355 108 -9
356 294 28
356 312 23
356 712 48
356 599 5
357 330 31
357 639 44
357 103 2
357 392 37
358 273 6
358 683 44
358 158 7
358 178 19
359 274 16
359 340 41
359 569 18
359 579 42
360 182 -10
360 212 -1
360 37 31
360 690 49
361 95 50
361 240 43
361 601 26
361 264 -4
362 652 -5
362 97 18
362 292 39
362 433 39
363 574 24
363 153 12
363 18 3
363 609 28
364 363 34
364 538 -8
364 316 -6
364 110 -2
365 572 34
365 724 1
365 413 8
365 444 0
366 60 48
366 368 1
366 546 24
366 148 19
367 98 12
367 450 -6
367 651 19
367 657 2
368 141 1
368 132 -7
368 2 45
368 162 41
369 499 8
369 193 44
369 612 15
369 506 26
370 705 -4
370 225 42
370 192 -5
370 643 25
371 39 36
371 580 -9
371 693 19
371 149 -9
372 413 49
372 587 9
372 575 16
372 598 30
373 676 28
373 401 6
373 143 41
373 328 14
374 504 26
374 520 30
374 219 41
374 465 18
375 11 38
375 466 11
375 403 27
375 399 -7
376 701 9
376 683 14
376 336 -4
376 699 5
377 160 -1
377 339 31
377 95 11
377 281 50
378 620 16
378 508 32
378 234 1
378 514 4
379 648 35
379 351 19
379 285 17
379 149 31
380 250 40
380 292 13
380 124 18
380 152 4
381 221 1
381 14 38
381 265 13
381 640 11
382 226 -1
382 506 38
382 526 19
382 514 8
383 371 36
383 632 39
383 139 44
383 23 33
384 205 8
384 450 -8
384 488 -5
384 674 15
385 189 3
385 274 33
385 214 -9
385 291 -6
386 256 -9
386 498 -9
386 644 6
386 105 9
387 409 33
387 113 19
387 635 -9
387 728 13
388 146 10
388 307 0
388 574 7
388 147 27
389 553 36
389 112 5
389 364 2
389 565 20
390 462 37
390 186 25
390 334 14
390 623 -6
391 376 11
391 583 10
391 404 12
391 311 -4
392 435 41
392 543 50
392 315 31
392 329 32
393 578 33
393 372 23
393 147 41
393 386 44
394 502 13
394 542 -2
394 465 22
394 716 19
395 696 35
395 382 48
395 370 6
395 645 -1
396 427 -9
396 47 -1
396 706 6
396 446 22
397 144 21
397 365 12
397 668 22
397 94 32
398 202 25
398 549 2
398 375 49
398 366 10
399 45 28
399 61 -8
399 86 32
399 205 19
400 108 -4
400 252 6
400 609 8
400 269 21
401 566 -10
401 720 14
401 476 2
401 461 36
402 424 11
402 351 -2
402 654 42
402 140 25
403 714 39
403 688 24
403 697 19
403 425 -3
404 315 34
404 405 12
404 345 18
404 396 -4
405 88 44
405 310 3
405 555 20
405 388 43
406 146 17
406 57 14
406 169 32
406 244 38
407 182 9
407 213 43
407 272 39
407 699 3
408 183 27
408 377 -7
408 270 46
408 721 25
409 37 13
409 96 32
409 364 12
409 214 32
410 163 4
410 302 13
410 382 32
410 205 -7
411 545 34
411 297 33
411 618 32
411 276 29
412 435 23
412 503 24
412 42 -2
412 279 15
413 418 8
413 495 28
413 533 34
413 471 23
414 103 37
414 64 37
414 425 35
414 370 34
415 224 50
415 483 43
415 620 46
415 548 2
416 9 50
416 263 13
416 227 9
416 171 7
417 571 12
417 163 38
417 332 14
417 495 29
418 235 -9
418 702 -8
418 491 -7
418 42 -10
419 112 34
419 671 -8
419 259 50
419 433 35
420 320 15
420 722 9
420 350 -4
420 337 39
421 255 7
421 445 19
421 683 11
421 173 3
422 300 8
422 720 5
422 204 -9
422 610 16
423 706 21
423 119 45
423 9 11
423 136 34
424 472 0
424 518 23
424 422 -3
424 697 41
425 151 32
425 220 17
425 230 42
425 240 0
426 249 22
426 203 10
426 434 19
426 401 -7
427 650 18
427 557 45
427 622 6
427 632 17
428 596 34
428 245 18
428 32 7
428 93 20
429 246 44
429 714 6
429 24 29
429 532 24
430 201 44
430 691 42
430 32 10
430 39 0
431 62 5
431 457 -10
431 163 20
431 120 45
432 602 50
432 262 39
432 464 -3
432 403 28
433 304 48
433 386 1
433 719 30
433 92 33
434 561 16
434 192 36
434 492 -6
434 334 -4
435 189 17
435 289 47
435 391 4
435 706 9
436 615 25
436 610 41
436 482 37
436 72 -8
437 159 47
437 306 42
437 596 -10
437 594 48
438 200 0
438 348 20
438 232 -9
438 34 -7
439 541 31
439 659 -4
439 566 4
439 284 39
440 481 50
440 334 -1
440 419 -6
440 384 23
441 296 -5
441 335 -1
441 658 3
441 345 10
442 533 19
442 707 26
442 273 43
442 102 -4
443 70 36
443 219 -4
443 401 23
443 365 39
444 646 30
444 455 27
444 214 -3
444 367 1
445 533 36
445 667 27
445 214 43
445 85 10
446 537 19
446 494 13
446 479 13
446 13 10
447 425 33
447 369 14
447 53 32
447 28 24
448 548 22
448 83 -8
448 425 7
448 50 40
449 116 45
449 381 19
449 353 42
449 342 40
450 702 2
450 330 -7
450 703 10
450 674 39
451 582 14
451 579 2
451 349 -9
451 40 3
452 195 -9
452 451 30
452 610 3
452 416 -1
453 16 9
453 106 8
453 249 39
453 293 48
454 108 -4
454 615 31
454 223 3
454 653 2
455 223 19
455 217 0
455 250 21
455 613 31
456 235 27
456 688 29
456 692 25
456 62 -8
457 129 44
457 635 2
457 312 42
457 472 34
458 379 39
458 336 -2
458 605 30
458 176 45
459 440 12
459 200 16
459 473 33
459 722 39
460 426 -8
460 228 -5
460 233 20
460 596 24
461 421 21
461 175 40
461 51 41
461 460 30
462 65 34
462 23 14
462 293 33
462 109 43
463 644 36
463 380 -5
463 121 -8
463 464 4
464 137 47
464 56 34
464 70 31
464 357 11
465 480 14
465 151 17
465 291 10
465 696 12
466 554 -6
466 511 39
466 301 -7
466 609 30
467 173 14
467 325 2
467 358 48
467 600 -1
468 653 33
468 54 16
468 198 16
468 704 28
469 668 8
469 18 2
469 114 50
469 669 26
470 389 28
470 317 18
470 286 22
470 76 16
471 364 -7
471 113 0
471 571 31
471 290 15
472 4 6
472 122 40
472 224 28
472 23 23
473 168 7
473 613 22
473 141 7
473 105 23
474 324 12
474 386 -8
474 480 -10
474 587 50
475 654 28
475 634 7
475 38 11
475 646 14
476 349 27
476 400 46
476 534 32
476 466 10
477 301 19
477 642 -9
477 331 -10
477 615 45
478 397 -7
478 388 -7
478 145 34
478 267 33
479 126 2
479 92 5
479 707 43
479 444 -5
480 137 27
480 35 38
480 329 -7
480 405 42
481 695 14
481 474 39
481 379 19
481 191 15
482 287 -6
482 603 47
482 563 43
482 502 -10
483 400 2
483 296 -9
483 619 12
483 562 43
484 17 -8
484 120 37
484 552 20
484 9 27
485 402 8
485 573 13
485 145 34
485 22 28
486 673 8
486 599 -2
486 613 47
486 288 46
487 219 27
487 502 -3
487 543 37
487 695 -9
488 712 31
488 439 24
488 208 24
488 156 9
489 483 8
489 24 37
489 298 27
489 295 14
490 264 48
490 314 27
490 617 -6
490 448 -7
491 116 19
491 457 1
491 565 50
491 221 40
492 350 37
492 85 49
492 257 22
492 243 44
493 146 16
493 716 -2
493 38 22
493 472 18
494 283 31
494 6 38
494 614 18
494 512 26
495 173 15
495 501 -5
495 97 50
495 338 23
496 378 41
496 640 20
496 98 3
496 656 41
497 32 -7
497 468 25
497 485 1
497 92 42
498 195 34
498 317 -10
498 723 -7
498 343 5
499 400 -4
499 132 25
499 700 47
499 658 42
500 678 37
500 622 8
500 338 34
500 70 49
501 284 2
501 574 0
501 352 22
501 514 -3
502 410 12
502 682 37
502 470 46
502 522 44
503 398 15
503 325 50
503 235 5
503 708 44
504 287 40
504 172 21
504 536 35
504 99 13
505 658 -10
505 223 10
505 700 -2
505 522 10
506 336 35
506 727 50
506 227 -10
506 472 15
507 684 5
507 476 30
507 204 44
507 717 25
508 182 -1
508 468 21
508 702 5
508 164 -6
509 589 50
509 331 -5
509 503 25
509 713 41
510 205 31
510 167 17
510 390 6
510 494 -2
511 304 -10
511 186 8
511 163 7
511 60 49
512 28 44
512 285 1
512 163 47
512 314 -6
513 323 23
513 611 42
513 715 41
513 515 12
514 380 17
514 303 13
514 126 47
514 12 10
515 531 12
515 108 43
515 303 14
515 40 -7
516 480 37
516 576 23
516 589 38
516 299 20
517 687 12
517 97 43
517 363 8
517 259 29
518 101 37
518 489 18
518 279 41
518 562 7
519 639 44
519 240 36
519 493 15
519 716 -4
520 483 41
520 564 26
520 336 10
520 456 28
521 184 6
521 583 24
521 28 40
521 144 20
522 538 42
522 44 45
522 176 32
522 216 40
523 257 44
523 219 42
523 99 40
523 703 14
524 533 36
524 213 9
524 309 25
524 511 47
525 298 15
525 263 -7
525 428 32
525 498 34
526 461 10
526 631 34
526 35 -1
526 700 6
527 395 14
527 330 19
527 281 -4
527 56 44
528 403 16
528 122 23
528 246 25
528 79 36
529 491 -9
529 679 42
529 92 42
529 410 47
530 285 20
530 631 14
530 574 27
530 433 48
531 228 -9
531 42 -3
531 562 11
531 471 20
532 370 43
532 223 3
532 558 34
532 321 -9
533 21 47
533 62 3
533 638 50
533 340 -8
534 86 50
534 580 43
534 548 12
534 294 20
535 679 14
535 586 41
535 237 15
535 521 39
536 722 15
536 598 25
536 4 12
536 380 36
537 644 24
537 547 40
537 305 40
537 232 -8
538 301 43
538 159 10
538 192 -2
538 173 11
539 320 6
539 286 16
539 506 48
539 405 43
540 459 45
540 567 -8
540 545 -6
540 150 12
541 144 -9
541 379 33
541 42 39
541 392 12
542 131 -1
542 66 10
542 507 24
542 43 7
543 9 5
543 48 6
543 8 21
543 215 23
544 404 13
544 103 37
544 653 22
544 397 48
545 573 33
545 335 39
545 144 -10
545 663 8
546 675 22
546 704 36
546 466 17
546 156 5
547 242 -1
547 553 48
547 116 40
547 586 28
548 644 -7
548 606 4
548 205 9
548 213 1
549 493 13
549 245 39
549 573 22
549 621 10
550 604 -8
550 90 6
550 419 27
550 152 35
551 574 14
551 332 -5
551 516 50
551 686 46
552 325 27
552 353 18
552 23 -5
552 505 29
553 27 29
553 693 11
553 106 50
553 310 39
554 80 34
554 189 16
554 695 39
554 487 22
555 186 28
555 276 38
555 569 -5
555 487 47
556 286 21
556 5 45
556 49 -9
556 425 6
557 659 8
557 367 34
557 585 26
557 399 50
558 72 49
558 367 26
558 546 28
558 245 5
559 289 21
559 672 43
559 200 44
559 208 12
560 260 43
560 670 9
560 434 44
560 25 35
561 555 42
561 125 31
561 458 -5
561 124 4
562 724 -2
562 380 42
562 479 5
562 365 50
563 724 18
563 165 23
563 175 -7
563 597 28
564 102 4
564 457 36
564 462 35
564 647 24
565 194 42
565 567 2
565 118 27
565 262 -5
566 326 -4
566 180 9
566 591 32
566 513 11
567 610 49
567 230 2
567 537 21
567 520 47
568 290 4
568 642 39
568 69 24
568 112 41
569 679 -9
569 302 42
569 622 -4
569 422 -4
570 7 22
570 635 -9
570 158 48
570 601 21
571 319 -6
571 284 44
571 519 6
571 278 -2
572 408 19
572 325 21
572 434 31
572 376 27
573 354 30
573 32 21
573 263 -3
573 427 6
574 310 18
574 75 3
574 16 -10
574 138 9
575 64 11
575 299 -6
575 722 49
575 570 3
576 670 7
576 397 1
576 548 6
576 720 43
577 51 6
577 430 -6
577 133 27
577 521 13
578 286 8
578 231 30
578 531 18
578 534 10
579 593 13
579 270 -9
579 411 21
579 569 31
580 232 -10
580 714 4
580 371 47
580 706 19
581 83 47
581 152 29
581 375 30
581 335 10
582 621 37
582 377 4
582 36 36
582 691 28
583 334 -4
583 257 48
583 720 11
583 621 13
584 440 32
584 483 10
584 288 47
584 539 8
585 215 9
585 153 19
585 630 18
585 627 39
586 414 -8
586 661 -3
586 206 36
586 666 49
587 456 -10
587 551 47
587 364 35
587 69 45
588 454 9
588 573 27
588 498 20
588 160 7
589 178 -4
589 301 19
589 181 0
589 84 -1
590 229 37
590 22 23
590 276 4
590 718 36
591 487 33
591 387 13
591 544 -10
591 35 -8
592 624 -5
592 114 23
592 589 37
592 445 1
593 335 1
593 701 3
593 336 5
593 648 47
594 391 41
594 717 -3
594 690 5
594 581 45
595 601 3
595 257 11
595 702 48
595 230 16
596 681 -10
596 343 25
596 273 17
596 380 21
597 557 11
597 34 48
597 287 14
597 351 11
598 188 18
598 176 34
598 316 16
598 658 35
599 566 5
599 23 20
599 623 -3
599 126 -6
600 474 15
600 211 18
600 388 34
600 49 13
601 445 24
601 399 46
601 602 33
601 219 26
602 368 8
602 202 23
602 662 -10
602 667 -9
603 388 9
603 81 -6
603 528 24
603 7 24
604 635 0
604 449 -6
604 76 36
604 199 21
605 679 23
605 685 7
605 335 -8
605 182 35
606 585 -8
606 267 36
606 364 47
606 667 5
607 466 49
607 483 31
607 678 12
607 468 27
608 609 19
608 360 41
608 703 39
608 476 27
609 101 22
609 409 32
609 165 13
609 142 -5
610 503 38
610 347 21
610 194 5
610 182 -3
611 595 16
611 386 29
611 18 22
611 598 6
612 345 47
612 705 8
612 309 -2
612 32 50
613 666 15
613 722 48
613 671 -10
613 223 -8
614 199 41
614 186 49
614 106 4
614 163 16
615 209 1
615 170 44
615 597 28
615 1 47
616 165 24
616 623 26
616 582 0
616 421 10
617 146 11
617 408 -6
617 718 26
617 2 26
618 598 48
618 627 23
618 302 24
618 501 12
619 178 50
619 612 10
619 144 38
619 500 22
620 406 45
620 649 19
620 17 14
620 126 34
621 203 27
621 412 -7
621 571 -5
621 226 31
622 573 19
622 266 12
622 308 37
622 451 -3
623 594 3
623 107 14
623 308 -7
623 468 34
624 390 24
624 562 16
624 140 -3
624 646 13
625 708 35
625 269 48
625 226 32
625 173 -4
626 659 3
626 394 38
626 99 28
626 328 30
627 14 30
627 707 21
627 78 3
627 623 14
628 670 24
628 465 21
628 565 20
628 339 -3
629 129 21
629 357 0
629 82 20
629 482 38
630 526 45
630 689 22
630 362 20
630 382 42
631 277 43
631 720 48
631 593 12
631 215 10
632 129 30
632 419 0
632 633 4
632 460 -5
633 328 15
633 588 43
633 29 13
633 522 13
634 67 22
634 352 14
634 391 9
634 597 27
635 12 -6
635 499 49
635 203 10
635 547 18
636 611 -1
636 93 5
636 177 -4
636 667 -9
637 62 13
637 490 43
637 39 -8
637 432 46
638 13 29
638 618 49
638 530 4
638 39 45
639 725 4
639 602 21
639 106 43
639 392 -5
640 697 -9
640 464 33
640 258 13
640 235 36
641 13 36
641 360 -4
641 637 43
641 130 30
642 570 7
642 367 -10
642 58 39
642 470 42
643 230 18
643 291 44
643 195 1
643 168 34
644 641 25
644 477 35
644 550 45
644 561 50
645 75 45
645 282 -4
645 592 18
645 263 0
646 66 6
646 600 13
646 275 36
646 383 43
647 475 34
647 643 -9
647 302 46
647 297 22
648 26 34
648 290 36
648 287 36
648 531 21
649 671 43
649 553 20
649 288 47
649 62 18
650 226 38
650 711 27
650 478 21
650 520 -5
651 2 26
651 81 5
651 427 41
651 31 31
652 344 50
652 190 40
652 490 37
652 333 12
653 320 33
653 91 14
653 308 2
653 538 23
654 342 11
654 123 19
654 617 13
654 144 20
655 224 45
655 160 36
655 256 21
655 544 2
656 556 3
656 306 4
656 565 44
656 182 -5
657 202 14
657 512 23
657 321 49
657 474 -7
658 290 33
658 288 16
658 58 48
658 436 7
659 561 12
659 495 -5
659 610 7
659 287 34
660 572 28
660 25 27
660 535 19
660 607 49
661 667 30
661 343 7
661 20 45
661 93 0
662 502 22
662 600 25
662 441 45
662 657 11
663 316 42
663 246 31
663 322 12
663 167 27
664 617 49
664 451 29
664 567 29
664 101 31
665 473 30
665 55 40
665 65 -3
665 487 32
666 52 19
666 227 35
666 424 -4
666 398 44
667 36 16
667 694 32
667 98 -8
667 309 5
668 144 34
668 18 8
668 565 29
668 191 43
669 306 -7
669 35 45
669 554 49
669 162 3
670 58 27
670 548 13
670 322 2
670 79 8
671 65 45
671 370 44
671 302 8
671 109 10
672 264 0
672 474 21
672 485 -5
672 94 7
673 552 24
673 348 13
673 718 35
673 229 16
674 195 48
674 287 -9
674 528 40
674 255 42
675 320 24
675 574 14
675 367 44
675 444 26
676 602 13
676 10 13
676 342 -4
676 184 39
677 382 43
677 716 4
677 608 44
677 690 -8
678 384 -7
678 569 46
678 154 13
678 371 43
679 393 46
679 61 35
679 209 42
679 39 47
680 676 14
680 471 2
680 212 50
680 479 28
681 60 32
681 428 -9
681 461 13
681 261 5
682 278 46
682 595 30
682 613 4
682 164 37
683 212 21
683 639 14
683 514 8
683 595 41
684 487 30
684 221 27
684 335 21
684 387 11
685 191 -3
685 543 46
685 678 25
685 514 4
686 181 24
686 74 -4
686 443 4
686 104 41
687 185 43
687 542 25
687 645 15
687 343 13
688 390 18
688 539 31
688 150 44
688 279 49
689 233 8
689 259 14
689 708 14
689 727 25
690 440 4
690 168 32
690 34 -5
690 62 48
691 537 26
691 487 1
691 363 4
691 233 -8
692 89 28
692 623 5
692 392 9
692 167 -10
693 493 -3
693 400 17
693 552 38
693 356 4
694 338 6
694 158 -2
694 483 2
694 153 -6
695 397 -7
695 309 28
695 62 39
695 520 2
696 128 34
696 482 23
696 170 -10
696 662 1
697 110 45
697 262 11
697 507 -10
697 191 28
698 642 -10
698 389 12
698 382 -10
698 163 -5
699 609 45
699 56 43
699 150 -8
699 192 7
700 710 1
700 684 11
700 693 -3
700 235 43
701 648 45
701 106 25
701 467 26
701 488 -6
702 91 -4
702 668 10
702 31 26
702 59 8
703 20 33
703 689 24
703 195 34
703 376 38
704 633 23
704 627 26
704 128 -2
704 340 0
705 165 12
705 488 7
705 703 3
705 700 16
706 212 -4
706 625 44
706 335 4
706 205 5
707 648 -7
707 687 39
707 200 -1
707 717 31
708 632 38
708 194 47
708 103 29
708 500 28
709 224 -9
709 74 -3
709 362 18
709 634 1
710 662 46
710 340 28
710 536 6
710 464 45
711 601 -6
711 221 49
711 611 -2
711 485 49
712 267 0
712 261 34
712 554 12
712 237 24
713 215 18
713 685 35
713 64 17
713 583 26
714 339 17
714 510 47
714 345 14
714 499 37
715 80 23
715 290 41
715 672 20
715 30 -10
716 223 3
716 41 10
716 296 -5
716 553 24
717 325 -1
717 162 -3
717 348 14
717 586 48
718 380 11
718 110 45
718 496 30
718 214 -10
719 667 5
719 46 -7
719 255 42
719 512 12
720 705 42
720 82 32
720 118 -4
720 388 25
721 80 4
721 390 -2
721 110 38
721 612 46
722 439 13
722 564 12
722 469 1
722 419 41
723 197 4
723 377 40
723 270 12
723 564 6
724 2 49
724 126 0
724 537 30
724 223 9
725 687 38
725 688 -2
725 366 11
725 35 23
726 269 21
726 79 15
726 631 49
726 593 33
727 399 36
727 414 32
727 312 28
727 458 11
728 316 27
728 450 -1
728 480 12
728 475 6
729 146 11
729 682 19
729 678 6
729 449 32
