1 68 38
1 24 26
2 44 39
2 55 48
3 18 23
3 23 39
4 66 23
4 55 3
5 14 20
5 41 -9
6 72 6
6 37 7
7 2 10
7 30 6
8 36 12
8 11 11
9 31 35
9 7 -1
10 51 16
10 15 -6
11 16 14
11 27 23
12 34 36
12 61 2
13 59 38
13 63 45
14 64 13
14 25 22
15 36 9
15 33 45
16 79 11
16 37 5
17 24 6
17 50 46
18 17 29
18 33 -9
19 65 22
19 57 -10
20 49 15
20 45 -7
21 40 16
21 8 13
22 78 17
22 51 39
23 37 2
23 45 3
24 62 27
24 35 24
25 36 44
25 66 8
26 39 10
26 80 -1
27 19 -3
27 63 47
28 69 38
28 46 2
29 26 47
29 72 14
30 41 7
30 66 -3
31 55 -8
31 49 16
32 41 -4
32 20 8
33 60 19
33 70 23
34 20 -5
34 77 35
35 5 7
35 46 3
36 6 4
36 79 44
37 57 43
37 1 26
38 28 42
38 46 -9
39 73 42
39 55 34
40 62 39
40 64 44
41 17 46
41 14 41
42 75 16
42 69 15
43 16 39
43 23 20
44 31 19
44 4 27
45 72 33
45 62 31
46 62 41
46 73 35
47 63 23
47 8 38
48 38 35
48 43 24
49 38 35
49 62 18
50 29 31
50 73 4
51 42 24
51 59 42
52 24 46
52 20 15
53 18 16
53 25 0
54 14 -2
54 18 18
55 81 38
55 23 25
56 26 49
56 65 33
57 18 20
57 34 7
58 9 27
58 21 19
59 26 32
59 68 37
60 77 37
60 71 17
61 56 31
61 31 17
62 38 39
62 80 45
63 37 46
63 33 20
64 1 47
64 63 45
65 30 21
65 32 22
66 15 38
66 20 42
67 70 23
67 41 27
68 62 13
68 72 38
69 46 -8
69 18 -10
70 56 37
70 63 35
71 29 5
71 23 1
72 9 6
72 57 50
73 42 33
73 55 12
74 76 34
74 51 33
75 27 32
75 76 41
76 14 23
76 54 35
77 57 41
77 33 46
78 48 3
78 56 32
79 70 14
79 45 -8
80 19 49
80 52 2
81 57 32
81 19 5
