1 206 -10
1 561 9
1 622 9
2 331 4
2 475 45
2 533 -1
3 260 17
3 510 2
3 21 45
4 110 30
4 326 32
4 344 48
5 382 11
5 166 10
5 89 -5
6 464 7
6 213 21
6 535 31
7 173 27
7 238 0
7 541 27
8 501 -6
8 672 -3
8 505 30
9 462 -10
9 367 30
9 265 3
10 198 -3
10 42 -3
10 543 18
11 380 -5
11 82 -10
11 586 14
12 312 22
12 487 -2
12 51 -10
13 329 33
13 610 14
13 234 30
14 502 39
14 36 30
14 76 9
15 425 35
15 475 30
15 64 27
16 50 2
16 410 49
16 554 48
17 46 8
17 285 50
17 416 30
18 54 12
18 205 26
18 307 46
19 151 -8
19 464 46
19 270 40
20 94 17
20 417 20
20 585 -8
21 117 2
21 438 -5
21 159 9
22 697 4
22 141 48
22 564 23
23 346 30
23 295 19
23 320 47
24 455 8
24 431 16
24 46 43
25 338 45
25 461 23
25 144 18
26 352 12
26 590 29
26 294 39
27 169 25
27 225 7
27 720 8
28 433 7
28 171 27
28 84 5
29 225 43
29 404 20
29 574 18
30 555 22
30 523 34
30 67 1
31 603 25
31 690 22
31 588 36
32 201 50
32 148 45
32 114 23
33 105 22
33 369 14
33 26 35
34 651 36
34 643 21
34 321 -2
35 545 14
35 649 35
35 156 -9
36 521 39
36 622 23
36 330 48
37 606 -6
37 218 32
37 225 9
38 22 40
38 349 29
38 654 -4
39 152 8
39 38 47
39 289 38
40 103 37
40 631 37
40 366 6
41 152 8
41 561 -10
41 719 33
42 226 29
42 169 20
42 323 42
43 481 2
43 306 15
43 677 29
44 68 16
44 36 -10
44 713 43
45 165 19
45 264 34
45 197 24
46 663 21
46 360 37
46 687 7
47 344 38
47 295 43
47 574 30
48 32 50
48 686 -2
48 434 -10
49 715 36
49 290 -3
49 17 31
50 684 22
50 238 -2
50 253 31
51 19 7
51 396 13
51 431 33
52 151 0
52 256 11
52 153 39
53 63 -8
53 133 -7
53 588 9
54 605 45
54 188 -7
54 366 49
55 366 22
55 622 19
55 549 38
56 455 -1
56 435 20
56 415 4
57 15 14
57 197 49
57 362 7
58 502 41
58 264 -8
58 231 22
59 250 38
59 672 15
59 293 25
60 386 29
60 436 24
60 404 22
61 27 -4
61 546 30
61 347 15
62 33 49
62 644 40
62 543 19
63 465 50
63 696 39
63 437 28
64 615 -10
64 629 7
64 254 -5
65 522 25
65 157 48
65 103 2
66 304 41
66 640 39
66 133 36
67 341 15
67 697 39
67 576 15
68 693 8
68 54 46
68 138 25
69 336 9
69 512 0
69 382 5
70 380 46
70 577 42
70 89 3
71 315 46
71 172 41
71 184 3
72 270 24
72 615 29
72 487 36
73 696 20
73 498 15
73 233 10
74 487 35
74 578 30
74 116 -4
75 301 47
75 450 -7
75 67 11
76 401 -7
76 136 35
76 616 9
77 477 50
77 589 -7
77 598 -4
78 476 30
78 550 -9
78 116 4
79 665 43
79 472 21
79 165 -9
80 660 9
80 489 3
80 473 35
81 405 -5
81 366 39
81 141 18
82 644 25
82 601 -9
82 24 10
83 150 36
83 707 0
83 443 -8
84 267 42
84 604 29
84 634 38
85 690 14
85 554 -8
85 237 36
86 190 37
86 240 39
86 121 23
87 16 0
87 153 1
87 70 40
88 341 42
88 480 -7
88 136 7
89 625 48
89 109 47
89 597 -2
90 375 50
90 417 45
90 624 -4
91 465 1
91 702 38
91 612 22
92 619 14
92 318 -10
92 247 -1
93 594 29
93 415 3
93 212 16
94 2 45
94 335 36
94 336 38
95 433 5
95 277 4
95 502 21
96 70 -6
96 471 6
96 48 24
97 292 12
97 543 27
97 129 3
98 245 -1
98 252 -8
98 574 11
99 299 24
99 135 21
99 37 4
100 575 10
100 441 13
100 565 -6
101 514 26
101 133 27
101 511 -3
102 70 43
102 61 27
102 725 -7
103 160 14
103 523 27
103 545 4
104 142 30
104 622 47
104 276 -9
105 259 22
105 43 37
105 360 9
106 292 24
106 126 -6
106 15 26
107 189 -3
107 453 9
107 187 47
108 709 6
108 702 27
108 529 31
109 388 45
109 658 17
109 726 14
110 108 42
110 178 23
110 626 -3
111 638 22
111 429 14
111 534 -2
112 380 -8
112 543 26
112 667 36
113 602 38
113 418 46
113 464 18
114 15 13
114 672 2
114 17 0
115 148 21
115 470 19
115 430 -5
116 538 22
116 30 49
116 121 3
117 636 42
117 317 21
117 302 -3
118 471 15
118 184 40
118 103 16
119 96 38
119 25 23
119 549 -3
120 470 40
120 661 5
120 23 17
121 174 39
121 128 31
121 583 3
122 567 28
122 633 -8
122 695 2
123 356 -7
123 360 29
123 640 22
124 159 3
124 547 44
124 228 16
125 166 39
125 154 -7
125 189 25
126 196 47
126 110 39
126 507 49
127 522 2
127 345 20
127 182 19
128 82 5
128 657 48
128 480 3
129 240 33
129 136 10
129 341 33
130 526 2
130 21 29
130 33 42
131 674 26
131 572 44
131 553 8
132 183 -6
132 638 6
132 500 23
133 18 7
133 144 40
133 479 22
134 227 5
134 103 -8
134 422 11
135 512 36
135 161 32
135 473 -7
136 467 -2
136 419 10
136 468 1
137 511 36
137 232 40
137 704 37
138 447 39
138 222 13
138 370 29
139 232 30
139 409 20
139 682 -3
140 67 -9
140 514 9
140 205 43
141 485 5
141 298 46
141 564 18
142 196 29
142 551 35
142 588 44
143 275 47
143 133 42
143 523 26
144 175 32
144 217 47
144 243 28
145 365 11
145 368 14
145 296 20
146 334 3
146 452 -8
146 107 -2
147 683 -4
147 326 35
147 344 1
148 609 37
148 173 29
148 687 39
149 514 7
149 460 27
149 60 2
150 32 -1
150 222 7
150 569 44
151 610 3
151 511 42
151 456 8
152 490 11
152 412 34
152 526 29
153 420 21
153 16 40
153 75 30
154 17 12
154 75 49
154 206 -5
155 661 -2
155 168 24
155 189 27
156 226 25
156 470 16
156 7 43
157 423 28
157 91 5
157 250 -2
158 666 -8
158 722 12
158 636 40
159 507 16
159 365 0
159 577 38
160 129 25
160 23 21
160 378 13
161 90 5
161 5 38
161 419 38
162 592 13
162 231 34
162 657 5
163 93 18
163 327 35
163 370 -2
164 530 27
164 437 24
164 481 33
165 347 21
165 29 -1
165 282 4
166 108 40
166 666 41
166 126 20
167 367 26
167 425 -2
167 469 -9
168 552 -6
168 464 19
168 140 29
169 44 -1
169 124 12
169 633 30
170 51 45
170 632 39
170 434 13
171 157 -6
171 640 19
171 532 -1
172 8 50
172 659 7
172 333 50
173 392 -7
173 725 31
173 645 40
174 440 -8
174 150 -2
174 634 -10
175 558 28
175 48 15
175 4 48
176 89 24
176 101 16
176 643 20
177 83 7
177 215 -2
177 351 46
178 228 14
178 372 23
178 7 34
179 144 21
179 362 21
179 64 23
180 52 48
180 86 40
180 584 24
181 70 16
181 317 29
181 219 10
182 133 50
182 538 10
182 450 18
183 282 -8
183 12 -9
183 145 10
184 666 -5
184 329 -8
184 353 35
185 183 31
185 496 49
185 412 39
186 334 43
186 600 32
186 226 11
187 717 -3
187 718 36
187 721 3
188 318 3
188 705 -1
188 348 26
189 617 32
189 555 42
189 347 45
190 444 45
190 227 45
190 52 29
191 703 -1
191 391 5
191 85 -2
192 420 -9
192 546 45
192 55 6
193 352 22
193 159 2
193 208 28
194 565 5
194 383 10
194 557 12
195 606 32
195 582 -5
195 669 49
196 439 34
196 409 10
196 93 18
197 385 35
197 162 6
197 173 23
198 164 -10
198 671 18
198 525 42
199 668 9
199 102 27
199 222 -10
200 620 3
200 434 -4
200 20 26
201 204 2
201 115 29
201 32 16
202 311 35
202 533 8
202 108 13
203 498 -4
203 540 -1
203 21 -4
204 113 14
204 422 26
204 601 34
205 256 20
205 159 11
205 555 2
206 303 -7
206 576 11
206 326 -1
207 125 36
207 661 28
207 417 41
208 646 39
208 147 3
208 604 -10
209 482 40
209 90 3
209 258 36
210 295 37
210 98 -8
210 578 -6
211 591 7
211 245 40
211 537 -6
212 27 15
212 15 29
212 602 -10
213 357 -10
213 575 23
213 714 9
214 544 11
214 208 43
214 561 12
215 623 45
215 662 20
215 488 -3
216 195 7
216 432 28
216 372 -8
217 328 35
217 683 43
217 320 15
218 726 13
218 672 42
218 371 25
219 302 12
219 366 3
219 719 15
220 479 10
220 645 45
220 295 29
221 245 22
221 485 10
221 633 16
222 129 1
222 275 32
222 167 -3
223 592 4
223 538 45
223 511 -7
224 131 6
224 347 -1
224 724 17
225 635 46
225 364 26
225 570 -6
226 143 45
226 153 -8
226 129 28
227 715 31
227 72 14
227 438 27
228 668 49
228 513 42
228 536 15
229 319 3
229 495 44
229 28 43
230 447 37
230 92 30
230 129 -1
231 370 35
231 728 1
231 161 1
232 152 6
232 346 2
232 89 38
233 522 14
233 312 -7
233 691 5
234 237 20
234 222 16
234 262 43
235 68 10
235 358 37
235 356 -6
236 315 7
236 58 42
236 505 -2
237 468 7
237 305 40
237 624 -2
238 503 -10
238 569 48
238 392 39
239 652 46
239 110 37
239 410 5
240 514 -8
240 150 36
240 447 10
241 261 44
241 685 49
241 262 42
242 300 -10
242 424 24
242 506 45
243 456 28
243 58 21
243 416 -1
244 77 23
244 654 -4
244 12 -10
245 674 18
245 525 27
245 726 -1
246 378 35
246 527 47
246 691 30
247 124 39
247 65 34
247 67 29
248 610 6
248 484 7
248 316 -2
249 373 18
249 562 19
249 674 46
250 139 33
250 6 17
250 726 -3
251 72 -1
251 139 9
251 580 27
252 322 2
252 716 5
252 262 36
253 470 -2
253 579 41
253 546 3
254 623 28
254 113 0
254 105 6
255 284 37
255 167 30
255 474 -1
256 49 48
256 339 9
256 206 29
257 143 -9
257 433 -5
257 356 3
258 477 25
258 525 40
258 120 1
259 119 43
259 587 29
259 5 -6
260 701 13
260 410 -9
260 627 10
261 50 40
261 171 9
261 20 13
262 182 17
262 105 30
262 479 24
263 233 -2
263 655 25
263 458 3
264 375 17
264 142 42
264 94 18
265 270 6
265 204 24
265 553 27
266 486 7
266 364 34
266 249 48
267 38 -6
267 12 5
267 207 7
268 633 -9
268 138 -2
268 81 -2
269 562 25
269 445 2
269 177 8
270 637 -10
270 237 23
270 585 39
271 350 12
271 202 23
271 488 1
272 637 38
272 543 40
272 546 -7
273 2 -8
273 317 48
273 402 12
274 470 14
274 130 -4
274 90 25
275 466 29
275 103 -9
275 531 -1
276 414 32
276 419 47
276 178 6
277 171 8
277 399 49
277 675 8
278 534 13
278 404 16
278 415 3
279 115 10
279 674 13
279 689 21
280 25 -10
280 296 24
280 454 43
281 465 43
281 397 3
281 450 8
282 305 40
282 712 33
282 427 -10
283 29 48
283 349 28
283 454 -6
284 25 28
284 320 11
284 279 34
285 641 36
285 388 34
285 292 -3
286 530 -5
286 38 40
286 713 20
287 92 22
287 327 18
287 453 42
288 14 26
288 13 47
288 90 49
289 387 -2
289 190 39
289 367 5
290 513 4
290 145 15
290 619 -5
291 573 42
291 305 24
291 50 46
292 38 -7
292 562 16
292 609 3
293 623 23
293 681 12
293 41 47
294 495 19
294 155 26
294 530 33
295 254 6
295 78 21
295 348 39
296 663 -7
296 521 -10
296 689 50
297 60 1
297 492 3
297 333 48
298 85 26
298 699 25
298 528 17
299 105 20
299 453 5
299 588 -3
300 88 19
300 539 49
300 203 21
301 180 -9
301 706 18
301 358 6
302 166 4
302 30 29
302 322 4
303 119 30
303 75 -4
303 721 19
304 570 29
304 379 12
304 569 24
305 621 34
305 600 -7
305 73 40
306 75 36
306 535 40
306 503 0
307 498 33
307 227 48
307 391 23
308 631 28
308 361 -9
308 390 42
309 131 0
309 444 20
309 132 13
310 42 -10
310 595 -5
310 114 14
311 435 -3
311 48 2
311 629 16
312 258 48
312 263 4
312 501 -7
313 535 23
313 430 7
313 291 50
314 354 -10
314 322 29
314 296 36
315 133 -2
315 561 -9
315 631 46
316 573 17
316 25 -9
316 522 40
317 725 10
317 264 8
317 550 33
318 546 41
318 110 34
318 71 40
319 44 36
319 566 17
319 202 5
320 242 6
320 400 49
320 425 43
321 387 20
321 245 -5
321 468 21
322 412 45
322 457 35
322 571 46
323 28 19
323 347 7
323 164 4
324 212 -7
324 633 20
324 727 41
325 471 13
325 575 0
325 459 -1
326 274 8
326 225 50
326 381 -10
327 314 -3
327 706 5
327 195 30
328 320 48
328 539 10
328 666 23
329 641 18
329 83 -9
329 402 3
330 669 21
330 262 1
330 163 -3
331 34 20
331 157 45
331 96 25
332 390 36
332 702 23
332 222 32
333 161 9
333 170 22
333 43 47
334 667 37
334 694 -3
334 355 35
335 567 -7
335 520 -10
335 707 3
336 460 14
336 522 1
336 578 -5
337 411 50
337 425 46
337 282 -9
338 476 4
338 484 38
338 277 16
339 465 13
339 642 -8
339 122 9
340 530 9
340 673 25
340 627 22
341 563 8
341 167 10
341 507 49
342 603 4
342 149 40
342 256 45
343 518 39
343 171 44
343 295 42
344 316 30
344 382 23
344 31 44
345 510 47
345 365 4
345 198 3
346 144 32
346 694 44
346 617 35
347 555 17
347 215 8
347 226 26
348 9 -8
348 713 7
348 520 26
349 321 2
349 5 46
349 550 35
350 319 37
350 528 33
350 94 42
351 224 31
351 314 17
351 466 26
352 670 34
352 310 27
352 124 -3
353 82 37
353 106 35
353 430 -3
354 483 -1
354 172 16
354 305 12
355 470 49
355 661 23
355 670 7
356 599 5
356 88 18
356 152 14
357 702 0
357 97 25
357 545 45
358 120 26
358 438 2
358 456 35
359 84 32
359 451 47
359 571 -3
360 367 36
360 416 8
360 676 -6
361 474 2
361 620 28
361 316 30
362 344 23
362 381 21
362 136 44
363 494 -2
363 446 30
363 692 11
364 700 -8
364 646 23
364 231 -4
365 136 23
365 159 -4
365 185 25
366 61 36
366 51 33
366 584 37
367 291 40
367 497 -9
367 224 -6
368 596 11
368 681 18
368 386 44
369 184 28
369 514 38
369 178 41
370 570 25
370 260 49
370 48 13
371 166 17
371 107 30
371 17 42
372 351 11
372 118 2
372 679 30
373 312 -3
373 19 11
373 644 48
374 310 5
374 608 35
374 70 28
375 652 40
375 497 -6
375 106 8
376 119 11
376 175 34
376 257 47
377 405 9
377 362 -9
377 170 4
378 519 38
378 526 15
378 106 -3
379 443 37
379 126 39
379 122 1
380 228 18
380 184 15
380 338 26
381 139 16
381 383 32
381 467 25
382 580 37
382 717 11
382 202 4
383 495 30
383 234 -10
383 640 41
384 563 15
384 717 19
384 481 47
385 180 26
385 376 31
385 3 40
386 43 30
386 362 12
386 46 42
387 181 4
387 273 34
387 458 46
388 175 12
388 357 -4
388 331 2
389 336 10
389 443 46
389 57 35
390 597 21
390 514 -8
390 552 34
391 372 7
391 97 3
391 110 42
392 652 35
392 142 1
392 367 18
393 188 2
393 622 35
393 484 15
394 320 46
394 609 49
394 168 48
395 61 -4
395 389 45
395 214 24
396 32 28
396 243 -10
396 142 -8
397 22 5
397 151 5
397 174 -9
398 337 -3
398 373 29
398 635 33
399 143 12
399 380 29
399 116 1
400 411 -6
400 390 19
400 605 45
401 651 2
401 574 31
401 193 28
402 506 49
402 684 -9
402 719 2
403 5 21
403 229 39
403 513 26
404 554 -1
404 326 10
404 464 -2
405 35 18
405 233 10
405 121 47
406 666 34
406 694 43
406 636 46
407 617 -10
407 123 22
407 203 24
408 294 26
408 12 30
408 59 40
409 679 32
409 177 50
409 463 12
410 656 43
410 199 2
410 341 0
411 508 11
411 105 31
411 288 28
412 559 1
412 662 25
412 93 -5
413 649 0
413 486 29
413 162 -5
414 443 6
414 299 28
414 494 26
415 534 15
415 29 27
415 551 23
416 102 37
416 380 22
416 675 -5
417 141 43
417 129 -6
417 4 14
418 303 -5
418 370 41
418 518 49
419 198 34
419 651 2
419 200 4
420 107 8
420 139 23
420 669 24
421 30 -5
421 240 6
421 56 46
422 297 38
422 363 48
422 36 47
423 158 6
423 57 31
423 439 39
424 161 39
424 342 6
424 453 6
425 727 38
425 561 50
425 240 32
426 650 48
426 183 17
426 241 0
427 65 25
427 393 14
427 655 41
428 253 42
428 516 21
428 311 -10
429 77 25
429 442 25
429 569 46
430 659 29
430 560 29
430 176 -8
431 615 34
431 560 30
431 667 5
432 184 0
432 7 -1
432 264 7
433 80 29
433 486 8
433 96 18
434 41 34
434 171 0
434 727 44
435 522 19
435 89 12
435 652 8
436 643 12
436 715 17
436 613 -4
437 644 34
437 118 13
437 115 5
438 372 49
438 183 29
438 484 14
439 72 2
439 129 35
439 658 3
440 215 13
440 545 34
440 598 -3
441 641 16
441 104 4
441 378 -4
442 39 8
442 176 -6
442 248 28
443 215 0
443 46 -10
443 80 42
444 89 20
444 333 26
444 175 50
445 200 16
445 176 32
445 310 27
446 382 12
446 442 17
446 287 -6
447 123 38
447 277 3
447 516 44
448 564 41
448 60 33
448 632 36
449 259 46
449 253 -9
449 188 24
450 438 29
450 33 39
450 464 -1
451 669 -8
451 21 32
451 443 22
452 242 7
452 220 25
452 149 43
453 411 24
453 198 47
453 556 20
454 408 6
454 724 20
454 102 25
455 226 -10
455 310 45
455 46 -10
456 700 26
456 139 28
456 588 28
457 140 34
457 418 6
457 29 29
458 284 -4
458 482 46
458 165 39
459 336 34
459 492 -5
459 537 19
460 163 -4
460 194 20
460 269 46
461 720 -1
461 42 7
461 126 37
462 640 16
462 172 17
462 615 7
463 148 -10
463 356 27
463 39 12
464 222 44
464 380 2
464 18 8
465 361 -8
465 713 4
465 694 18
466 531 43
466 256 15
466 327 17
467 553 47
467 220 1
467 315 13
468 293 19
468 149 -5
468 102 8
469 688 -2
469 685 33
469 208 -3
470 313 50
470 73 -3
470 567 44
471 578 15
471 76 20
471 8 39
472 622 50
472 461 33
472 176 24
473 660 26
473 268 6
473 206 8
474 387 41
474 627 43
474 526 -1
475 321 10
475 105 -1
475 599 2
476 553 8
476 440 16
476 444 28
477 116 47
477 690 19
477 576 -5
478 476 13
478 461 10
478 297 8
479 510 -4
479 462 7
479 15 50
480 56 -7
480 11 11
480 31 37
481 15 34
481 506 -10
481 364 42
482 609 17
482 216 -7
482 449 -8
483 439 30
483 199 49
483 202 41
484 549 17
484 445 34
484 398 30
485 587 9
485 292 7
485 592 -8
486 262 27
486 466 14
486 387 43
487 326 36
487 525 48
487 543 19
488 193 35
488 442 -4
488 360 50
489 459 -5
489 66 50
489 542 -10
490 405 -3
490 220 48
490 690 -6
491 178 16
491 716 -6
491 626 45
492 635 -7
492 564 1
492 371 44
493 672 43
493 50 18
493 414 45
494 696 47
494 453 0
494 227 15
495 14 50
495 326 8
495 97 42
496 213 23
496 716 13
496 556 -5
497 61 24
497 467 14
497 197 -9
498 371 -1
498 176 30
498 629 24
499 380 -3
499 103 21
499 357 46
500 114 44
500 655 -7
500 529 44
501 677 3
501 395 34
501 604 13
502 42 -5
502 394 19
502 79 43
503 515 -1
503 381 39
503 154 10
504 174 23
504 697 4
504 311 23
505 576 10
505 550 41
505 597 46
506 652 -8
506 473 33
506 120 -8
507 242 17
507 581 -7
507 12 22
508 358 2
508 322 -7
508 63 49
509 689 41
509 198 11
509 211 48
510 284 34
510 673 27
510 387 24
511 116 23
511 475 14
511 722 44
512 36 12
512 355 -4
512 414 16
513 586 21
513 362 22
513 79 45
514 201 50
514 721 30
514 161 46
515 455 36
515 220 34
515 261 -8
516 703 23
516 324 1
516 448 13
517 509 28
517 706 45
517 221 19
518 301 4
518 266 16
518 232 26
519 213 19
519 473 48
519 360 41
520 503 50
520 300 16
520 178 44
521 381 11
521 709 36
521 34 36
522 684 29
522 455 18
522 225 22
523 584 13
523 630 10
523 600 0
524 319 21
524 485 20
524 421 10
525 598 10
525 33 -5
525 580 25
526 654 36
526 517 21
526 407 22
527 710 14
527 715 49
527 517 9
528 170 40
528 74 50
528 121 -7
529 369 30
529 23 30
529 660 25
530 219 49
530 676 -1
530 497 46
531 495 38
531 149 41
531 444 11
532 367 23
532 53 33
532 619 4
533 544 -10
533 343 37
533 170 34
534 632 22
534 425 1
534 678 44
535 694 -3
535 59 45
535 227 22
536 37 -6
536 235 38
536 460 3
537 515 6
537 609 6
537 259 45
538 127 23
538 536 49
538 109 32
539 316 34
539 273 28
539 239 34
540 521 -5
540 265 44
540 315 21
541 408 -5
541 587 14
541 358 20
542 18 33
542 455 24
542 237 38
543 695 32
543 589 41
543 137 42
544 226 12
544 688 49
544 591 45
545 93 49
545 21 21
545 703 12
546 344 47
546 595 35
546 571 34
547 344 48
547 212 -5
547 711 20
548 545 -1
548 19 -6
548 381 24
549 404 33
549 338 27
549 58 9
550 264 19
550 157 15
550 272 35
551 400 45
551 623 -8
551 214 46
552 86 26
552 439 1
552 433 50
553 668 18
553 497 30
553 372 1
554 216 28
554 32 39
554 721 44
555 385 1
555 234 12
555 607 32
556 723 34
556 558 24
556 338 -1
557 367 26
557 685 1
557 407 -10
558 608 32
558 72 47
558 163 36
559 710 -2
559 639 1
559 65 25
560 625 3
560 23 44
560 491 1
561 690 39
561 306 -9
561 34 17
562 64 42
562 16 28
562 358 31
563 545 9
563 39 15
563 513 33
564 638 16
564 183 6
564 580 21
565 296 21
565 410 -10
565 371 1
566 270 20
566 268 17
566 549 46
567 455 -8
567 703 -2
567 293 34
568 343 37
568 231 -8
568 177 25
569 296 29
569 553 30
569 707 8
570 157 41
570 3 -10
570 385 2
571 407 48
571 710 35
571 439 29
572 443 -6
572 540 29
572 514 0
573 232 20
573 77 -8
573 631 37
574 517 46
574 614 23
574 39 1
575 648 19
575 148 25
575 110 34
576 157 14
576 583 16
576 604 38
577 554 36
577 323 24
577 242 25
578 505 30
578 44 36
578 125 10
579 54 4
579 678 32
579 518 25
580 660 0
580 116 49
580 288 4
581 659 -2
581 638 13
581 184 13
582 256 2
582 462 33
582 336 11
583 57 31
583 668 49
583 16 37
584 653 -9
584 466 -9
584 382 43
585 620 6
585 81 8
585 183 25
586 617 -6
586 423 -1
586 298 0
587 515 37
587 565 1
587 608 39
588 166 46
588 164 26
588 687 -4
589 42 38
589 498 -1
589 365 30
590 326 40
590 206 -4
590 494 16
591 300 39
591 486 12
591 456 22
592 75 12
592 104 6
592 220 0
593 588 9
593 494 -1
593 337 23
594 556 -7
594 124 -7
594 717 17
595 662 14
595 262 4
595 233 -10
596 139 2
596 409 -4
596 484 29
597 114 24
597 723 46
597 215 14
598 690 6
598 527 14
598 30 26
599 622 13
599 605 8
599 460 44
600 454 17
600 329 44
600 164 9
601 82 23
601 232 42
601 155 19
602 353 -5
602 18 47
602 16 -3
603 423 31
603 703 8
603 482 47
604 505 -8
604 107 25
604 414 49
605 268 1
605 264 33
605 477 15
606 49 36
606 552 17
606 355 23
607 277 18
607 584 20
607 379 14
608 703 8
608 425 3
608 697 10
609 698 16
609 345 37
609 263 1
610 121 31
610 270 21
610 494 2
611 366 -5
611 728 13
611 178 22
612 157 -6
612 34 -1
612 548 -4
613 450 14
613 251 7
613 681 -9
614 158 -10
614 572 28
614 231 13
615 396 8
615 164 20
615 176 24
616 484 12
616 553 20
616 290 38
617 91 -6
617 327 6
617 164 48
618 503 44
618 648 49
618 345 37
619 337 -6
619 271 26
619 26 40
620 339 49
620 595 11
620 129 26
621 188 7
621 115 14
621 330 35
622 171 29
622 443 18
622 578 3
623 610 22
623 532 18
623 194 46
624 353 46
624 658 3
624 442 45
625 484 -5
625 203 25
625 414 25
626 719 -8
626 392 26
626 34 0
627 547 14
627 158 0
627 241 -2
628 72 34
628 306 6
628 116 14
629 155 2
629 388 -6
629 366 17
630 451 6
630 719 -9
630 243 32
631 517 40
631 369 28
631 25 45
632 68 6
632 225 -2
632 334 4
633 330 27
633 50 8
633 485 15
634 543 17
634 623 20
634 112 10
635 352 11
635 33 48
635 666 -8
636 16 5
636 474 25
636 195 -10
637 318 44
637 9 20
637 148 0
638 601 27
638 195 21
638 407 44
639 564 2
639 417 -9
639 451 41
640 630 38
640 552 11
640 620 24
641 630 1
641 622 12
641 457 12
642 9 -3
642 574 4
642 451 16
643 499 8
643 511 27
643 301 20
644 346 15
644 112 48
644 566 32
645 583 49
645 347 25
645 191 49
646 616 42
646 125 20
646 660 30
647 176 45
647 346 29
647 160 31
648 306 49
648 565 25
648 48 44
649 576 14
649 12 -8
649 394 38
650 325 1
650 702 21
650 623 -6
651 470 21
651 725 39
651 347 -2
652 589 2
652 10 -10
652 528 1
653 70 1
653 534 35
653 333 23
654 647 47
654 620 1
654 555 46
655 17 30
655 241 31
655 381 45
656 412 41
656 364 4
656 217 18
657 308 23
657 352 48
657 161 -6
658 669 46
658 246 4
658 34 12
659 150 28
659 164 30
659 606 27
660 61 41
660 705 9
660 13 -3
661 516 13
661 721 -6
661 659 -5
662 606 -5
662 115 3
662 94 20
663 658 45
663 239 46
663 190 13
664 630 -2
664 283 1
664 631 13
665 522 39
665 351 -10
665 600 -10
666 274 19
666 164 42
666 237 4
667 699 18
667 410 -4
667 192 22
668 43 -4
668 520 10
668 483 44
669 159 4
669 365 22
669 97 -5
670 652 48
670 494 32
670 74 15
671 95 27
671 171 42
671 454 25
672 298 23
672 145 6
672 527 50
673 436 16
673 23 17
673 394 43
674 245 49
674 113 41
674 263 45
675 112 -1
675 277 24
675 130 12
676 650 46
676 448 22
676 286 25
677 65 18
677 710 36
677 190 48
678 392 13
678 330 7
678 443 1
679 514 5
679 582 7
679 148 38
680 110 41
680 729 3
680 492 29
681 367 44
681 240 33
681 521 26
682 227 -10
682 32 35
682 579 11
683 429 43
683 275 -8
683 209 8
684 199 0
684 705 12
684 179 23
685 366 48
685 485 26
685 338 9
686 701 -2
686 548 41
686 240 -10
687 74 13
687 303 8
687 361 23
688 183 12
688 319 2
688 438 48
689 251 25
689 451 34
689 344 47
690 594 40
690 60 30
690 102 48
691 424 -2
691 602 2
691 372 16
692 71 23
692 307 10
692 216 28
693 267 38
693 349 42
693 109 -7
694 510 49
694 88 11
694 294 1
695 463 48
695 232 28
695 102 34
696 68 2
696 728 -2
696 266 0
697 175 39
697 478 19
697 454 43
698 200 36
698 448 39
698 693 33
699 603 1
699 637 3
699 189 43
700 322 5
700 107 29
700 145 37
701 269 -5
701 492 38
701 81 16
702 110 -8
702 111 10
702 558 13
703 217 41
703 245 18
703 409 -2
704 640 38
704 728 29
704 378 32
705 428 26
705 429 16
705 376 46
706 128 8
706 264 30
706 196 22
707 208 23
707 20 32
707 384 47
708 367 32
708 269 46
708 728 6
709 589 21
709 134 32
709 540 7
710 5 50
710 12 36
710 557 36
711 388 23
711 227 39
711 177 -7
712 552 41
712 105 6
712 69 44
713 323 10
713 33 28
713 276 32
714 269 30
714 195 -6
714 721 2
715 173 44
715 96 3
715 581 10
716 20 16
716 541 34
716 350 2
717 95 -3
717 329 16
717 165 47
718 437 43
718 608 27
718 439 24
719 613 50
719 384 31
719 242 31
720 31 23
720 646 0
720 229 42
721 353 24
721 469 28
721 45 8
722 622 43
722 130 -10
722 233 27
723 209 19
723 470 50
723 477 41
724 482 38
724 540 34
724 292 31
725 623 23
725 194 -4
725 263 21
726 107 7
726 662 -2
726 683 32
727 722 -9
727 36 6
727 135 23
728 27 25
728 74 2
728 311 8
729 343 -2
729 19 36
729 34 36
