1 15 34
1 57 24
2 209 -2
2 1 22
3 15 7
3 99 -5
4 89 -8
4 102 29
5 193 -8
5 40 48
6 172 50
6 1 23
7 145 33
7 8 1
8 39 48
8 208 27
9 14 -10
9 113 14
10 99 41
10 189 -4
11 41 48
11 50 50
12 201 21
12 123 46
13 168 45
13 235 11
14 67 37
14 22 47
15 39 29
15 11 29
16 216 30
16 5 -3
17 181 -2
17 164 44
18 155 41
18 82 31
19 150 30
19 193 -6
20 91 18
20 8 18
21 125 37
21 36 26
22 126 0
22 80 19
23 116 36
23 7 16
24 30 -6
24 203 32
25 116 49
25 165 42
26 145 3
26 133 -5
27 54 -10
27 230 21
28 81 -2
28 89 0
29 243 24
29 170 12
30 83 8
30 192 -2
31 123 35
31 151 34
32 61 -10
32 78 45
33 5 3
33 222 -4
34 74 10
34 58 43
35 67 45
35 117 7
36 94 21
36 164 32
37 104 -1
37 103 0
38 103 32
38 191 9
39 44 17
39 93 1
40 169 7
40 82 42
41 88 -10
41 160 37
42 115 34
42 224 19
43 242 43
43 46 7
44 27 8
44 195 -10
45 189 3
45 215 26
46 92 31
46 166 17
47 226 38
47 32 -8
48 204 45
48 159 -1
49 63 23
49 231 49
50 173 42
50 241 31
51 1 -10
51 174 4
52 152 20
52 96 10
53 133 40
53 39 -1
54 107 8
54 94 40
55 225 45
55 154 16
56 96 46
56 43 -7
57 218 -8
57 225 33
58 210 12
58 143 47
59 237 2
59 96 5
60 79 -9
60 197 -8
61 188 24
61 42 -1
62 217 32
62 94 27
63 25 -5
63 210 33
64 3 -7
64 218 4
65 60 -3
65 162 49
66 123 42
66 197 -7
67 200 46
67 179 32
68 212 24
68 55 50
69 111 21
69 154 -3
70 156 -9
70 150 6
71 207 42
71 151 -8
72 54 13
72 70 50
73 232 50
73 10 37
74 28 12
74 92 41
75 57 6
75 129 21
76 72 -4
76 91 -1
77 107 16
77 168 24
78 139 4
78 10 32
79 4 18
79 118 47
80 216 28
80 67 24
81 47 6
81 221 0
82 2 36
82 243 16
83 133 -3
83 33 9
84 163 44
84 239 13
85 114 33
85 16 36
86 4 14
86 75 0
87 192 41
87 110 12
88 116 14
88 198 31
89 106 -2
89 142 7
90 34 34
90 182 37
91 114 -6
91 132 29
92 1 3
92 196 3
93 33 39
93 203 14
94 137 14
94 120 15
95 152 -3
95 33 33
96 13 32
96 82 18
97 16 8
97 40 42
98 124 -7
98 188 28
99 46 29
99 167 29
100 209 19
100 110 10
101 33 29
101 206 19
102 147 -1
102 211 36
103 160 -2
103 166 7
104 83 46
104 233 31
105 66 -10
105 6 17
106 127 47
106 228 3
107 169 28
107 45 38
108 163 23
108 139 -9
109 34 10
109 184 19
110 210 30
110 207 14
111 202 16
111 141 25
112 241 45
112 202 -2
113 168 -10
113 91 -9
114 43 11
114 17 27
115 101 36
115 147 30
116 41 34
116 1 16
117 235 8
117 196 32
118 95 10
118 102 24
119 225 15
119 8 21
120 31 21
120 112 3
121 47 19
121 96 13
122 5 38
122 208 31
123 184 27
123 150 20
124 208 30
124 60 7
125 68 12
125 12 15
126 157 13
126 2 37
127 119 46
127 44 20
128 232 11
128 100 35
129 71 24
129 121 25
130 125 0
130 26 40
131 18 36
131 118 33
132 186 8
132 44 23
133 194 7
133 45 10
134 35 5
134 214 12
135 195 46
135 70 35
136 23 -10
136 88 3
137 147 -7
137 153 49
138 146 24
138 58 36
139 64 42
139 55 36
140 179 -1
140 112 35
141 11 39
141 160 33
142 158 39
142 76 35
143 243 37
143 70 34
144 66 22
144 25 45
145 189 0
145 40 43
146 3 -9
146 91 -8
147 156 1
147 2 33
148 87 4
148 161 45
149 18 5
149 235 39
150 98 5
150 11 48
151 91 3
151 8 -3
152 235 35
152 165 4
153 210 -1
153 91 28
154 218 -2
154 6 36
155 26 41
155 89 0
156 26 15
156 181 4
157 184 0
157 27 42
158 103 18
158 225 43
159 207 13
159 30 5
160 133 -10
160 9 5
161 205 13
161 203 12
162 112 8
162 77 -10
163 211 1
163 46 -6
164 192 12
164 82 14
165 116 35
165 199 27
166 223 11
166 157 49
167 94 30
167 28 28
168 125 5
168 112 5
169 67 15
169 175 36
170 239 42
170 136 31
171 21 17
171 61 30
172 182 3
172 85 45
173 176 22
173 23 -2
174 180 -4
174 80 25
175 200 36
175 81 23
176 161 -4
176 31 21
177 85 38
177 100 24
178 230 -8
178 107 2
179 159 44
179 99 20
180 213 44
180 5 35
181 171 45
181 130 49
182 228 28
182 153 15
183 154 20
183 211 41
184 65 18
184 238 8
185 129 33
185 124 -3
186 161 27
186 134 25
187 115 18
187 147 8
188 27 -8
188 54 15
189 212 5
189 206 -4
190 55 48
190 144 46
191 53 18
191 118 27
192 104 20
192 124 50
193 81 20
193 226 27
194 193 18
194 238 10
195 136 42
195 2 39
196 14 47
196 98 26
197 146 -8
197 223 39
198 68 24
198 57 4
199 17 43
199 221 10
200 30 38
200 235 49
201 25 15
201 41 26
202 233 1
202 144 1
203 206 0
203 192 37
204 194 29
204 219 9
205 224 10
205 77 -10
206 11 30
206 137 -1
207 23 10
207 210 20
208 76 34
208 217 29
209 96 46
209 80 27
210 190 -9
210 214 -2
211 241 26
211 242 40
212 178 33
212 7 14
213 86 24
213 94 18
214 142 35
214 221 38
215 176 36
215 172 31
216 83 22
216 167 49
217 199 38
217 175 36
218 2 19
218 33 7
219 185 37
219 220 30
220 78 46
220 239 29
221 153 -1
221 160 39
222 198 3
222 194 23
223 238 45
223 35 -9
224 171 26
224 133 9
225 91 12
225 213 25
226 164 -6
226 122 4
227 64 47
227 141 45
228 41 1
228 25 38
229 197 4
229 233 -1
230 41 46
230 137 25
231 89 29
231 139 3
232 4 27
232 151 27
233 113 49
233 85 4
234 220 29
234 217 -9
235 181 7
235 40 25
236 74 12
236 145 3
237 22 -1
237 159 -9
238 22 14
238 34 -8
239 156 0
239 191 -8
240 175 28
240 6 -4
241 228 -10
241 226 -8
242 140 47
242 178 6
243 91 26
243 139 25
