1 27 41
1 195 -9
1 19 21
2 140 0
2 191 19
2 223 31
3 32 43
3 180 42
3 213 38
4 127 18
4 208 39
4 29 -10
5 197 -8
5 72 30
5 132 14
6 118 28
6 57 18
6 111 23
7 111 44
7 103 20
7 92 14
8 196 5
8 139 34
8 214 6
9 136 27
9 11 -10
9 8 -6
10 221 39
10 168 -8
10 45 44
11 75 5
11 145 20
11 110 26
12 82 37
12 207 39
12 61 -5
13 222 34
13 148 0
13 36 -8
14 20 44
14 91 15
14 182 20
15 197 23
15 160 12
15 69 6
16 190 49
16 91 -4
16 241 6
17 20 40
17 127 -7
17 43 -6
18 116 4
18 41 43
18 179 14
19 22 -6
19 1 37
19 67 31
20 10 46
20 135 20
20 157 6
21 211 23
21 198 26
21 123 17
22 215 11
22 95 -4
22 128 23
23 33 1
23 1 -6
23 130 41
24 19 45
24 92 11
24 196 -10
25 179 -8
25 96 29
25 5 17
26 10 42
26 174 34
26 16 13
27 148 18
27 229 27
27 88 48
28 123 48
28 87 5
28 55 4
29 131 16
29 178 38
29 26 9
30 99 17
30 218 1
30 147 10
31 17 36
31 84 -6
31 110 4
32 161 23
32 118 19
32 142 41
33 104 18
33 111 27
33 28 37
34 7 -5
34 175 49
34 183 33
35 205 23
35 122 -1
35 170 24
36 64 25
36 124 17
36 28 14
37 189 31
37 126 -1
37 78 -3
38 230 -2
38 97 34
38 113 26
39 206 14
39 130 38
39 180 -8
40 128 -1
40 9 45
40 81 6
41 83 11
41 139 -2
41 82 18
42 207 40
42 91 5
42 79 22
43 127 34
43 106 20
43 122 44
44 70 26
44 125 29
44 242 25
45 234 19
45 14 0
45 50 -1
46 24 41
46 42 47
46 145 1
47 111 -6
47 179 21
47 214 28
48 133 7
48 82 9
48 173 8
49 80 49
49 181 27
49 239 44
50 88 22
50 236 40
50 158 43
51 234 30
51 80 37
51 31 32
52 145 48
52 216 11
52 116 -1
53 156 27
53 64 29
53 95 0
54 82 16
54 197 5
54 1 20
55 68 48
55 26 46
55 109 21
56 165 -7
56 194 7
56 226 -4
57 208 29
57 64 35
57 97 45
58 141 34
58 215 -10
58 34 8
59 10 48
59 148 10
59 93 2
60 88 -3
60 17 45
60 154 4
61 205 14
61 187 42
61 173 31
62 34 -8
62 113 34
62 238 20
63 84 -10
63 52 39
63 218 10
64 70 11
64 120 -7
64 136 3
65 99 27
65 174 0
65 136 -2
66 62 46
66 23 12
66 41 43
67 188 33
67 234 35
67 219 32
68 173 4
68 52 -10
68 90 24
69 177 3
69 102 19
69 134 28
70 18 10
70 207 22
70 84 37
71 22 35
71 170 5
71 119 44
72 70 23
72 42 18
72 164 35
73 43 9
73 196 46
73 53 4
74 48 33
74 20 11
74 110 40
75 112 36
75 174 24
75 241 15
76 47 34
76 2 15
76 55 46
77 97 12
77 214 29
77 99 15
78 80 -3
78 137 10
78 151 1
79 243 -5
79 27 50
79 157 -4
80 35 4
80 44 38
80 207 37
81 153 -10
81 97 2
81 190 35
82 201 29
82 31 0
82 164 22
83 179 5
83 14 12
83 52 -6
84 40 37
84 203 37
84 14 22
85 216 5
85 81 2
85 136 34
86 178 19
86 96 5
86 214 -2
87 18 -9
87 208 24
87 93 33
88 122 -5
88 103 36
88 182 39
89 234 19
89 55 16
89 88 31
90 222 34
90 219 -2
90 8 7
91 77 18
91 62 6
91 39 -7
92 222 6
92 77 2
92 204 11
93 200 26
93 36 49
93 48 -2
94 54 12
94 42 -5
94 103 14
95 59 22
95 85 -2
95 46 4
96 19 30
96 111 28
96 11 48
97 147 27
97 80 30
97 157 19
98 126 6
98 100 -5
98 187 47
99 143 3
99 124 50
99 139 33
100 84 6
100 188 19
100 152 19
101 65 23
101 4 -8
101 229 31
102 75 44
102 90 50
102 95 8
103 157 40
103 9 23
103 88 -7
104 242 40
104 10 10
104 165 43
105 70 16
105 86 37
105 2 40
106 142 14
106 14 23
106 166 43
107 113 2
107 38 10
107 35 32
108 167 0
108 14 28
108 195 -5
109 46 21
109 124 2
109 186 -6
110 9 15
110 13 -3
110 139 37
111 126 47
111 135 29
111 65 22
112 235 36
112 40 26
112 225 5
113 138 22
113 174 -3
113 140 13
114 60 33
114 154 27
114 159 28
115 72 4
115 60 3
115 241 46
116 169 12
116 112 37
116 188 14
117 178 45
117 101 6
117 103 19
118 105 6
118 206 17
118 157 43
119 207 6
119 93 25
119 233 12
120 64 37
120 185 24
120 132 37
121 200 -9
121 84 -1
121 72 33
122 238 8
122 208 10
122 189 41
123 231 -8
123 72 31
123 138 26
124 158 -10
124 188 -7
124 4 -1
125 225 19
125 48 36
125 21 18
126 113 33
126 82 11
126 183 -3
127 129 22
127 224 -4
127 144 41
128 97 26
128 136 18
128 124 25
129 61 6
129 20 25
129 18 16
130 216 8
130 177 12
130 40 -2
131 93 49
131 194 47
131 148 50
132 150 45
132 166 3
132 152 20
133 230 8
133 86 23
133 10 1
134 45 44
134 86 29
134 216 31
135 150 -4
135 104 32
135 47 44
136 36 16
136 168 -8
136 126 31
137 177 10
137 3 12
137 204 -4
138 225 43
138 195 27
138 222 38
139 111 14
139 106 48
139 151 7
140 109 38
140 11 13
140 103 40
141 211 27
141 41 42
141 175 44
142 76 -8
142 97 18
142 236 28
143 215 46
143 158 34
143 139 33
144 54 38
144 188 37
144 39 42
145 83 -1
145 89 2
145 21 34
146 63 18
146 150 34
146 105 26
147 237 49
147 117 35
147 219 36
148 168 24
148 115 49
148 22 -4
149 108 50
149 225 8
149 112 40
150 15 44
150 60 1
150 169 25
151 25 48
151 193 -2
151 209 5
152 120 21
152 95 49
152 157 43
153 35 27
153 168 37
153 44 1
154 116 47
154 36 8
154 50 16
155 188 34
155 119 12
155 31 7
156 101 4
156 119 46
156 145 50
157 99 41
157 21 3
157 140 5
158 242 47
158 82 32
158 169 22
159 57 18
159 19 12
159 37 -9
160 111 11
160 115 2
160 168 -7
161 50 25
161 60 44
161 52 -9
162 69 19
162 8 32
162 14 9
163 88 21
163 5 44
163 157 44
164 48 21
164 198 50
164 109 33
165 158 50
165 213 28
165 238 40
166 98 36
166 143 36
166 174 -1
167 70 -5
167 193 8
167 37 46
168 115 22
168 48 6
168 31 -3
169 98 13
169 82 -2
169 37 21
170 42 8
170 49 31
170 204 18
171 34 -3
171 14 6
171 105 25
172 180 47
172 187 8
172 28 48
173 52 -3
173 90 16
173 206 6
174 3 47
174 229 11
174 179 17
175 173 -9
175 83 15
175 50 45
176 12 22
176 134 17
176 39 37
177 90 20
177 44 43
177 205 50
178 218 -7
178 191 0
178 153 -2
179 54 48
179 53 43
179 220 40
180 218 24
180 225 4
180 49 9
181 13 0
181 158 17
181 114 28
182 66 2
182 188 12
182 82 15
183 92 20
183 20 4
183 148 38
184 118 46
184 142 2
184 43 37
185 80 39
185 41 43
185 35 35
186 164 20
186 110 13
186 218 36
187 174 2
187 21 36
187 29 0
188 242 24
188 241 48
188 174 10
189 41 30
189 89 34
189 167 30
190 96 30
190 101 13
190 77 14
191 113 -6
191 69 5
191 173 48
192 110 -8
192 159 1
192 62 49
193 34 31
193 199 5
193 191 -10
194 126 31
194 233 17
194 41 7
195 238 40
195 197 36
195 160 34
196 181 27
196 88 26
196 168 45
197 75 47
197 186 9
197 171 48
198 122 27
198 86 15
198 64 24
199 102 5
199 86 -1
199 81 27
200 225 -2
200 72 20
200 125 15
201 174 23
201 125 16
201 115 7
202 165 18
202 42 -2
202 172 17
203 230 44
203 188 0
203 199 6
204 216 40
204 91 15
204 114 8
205 218 1
205 129 45
205 178 45
206 45 -9
206 42 48
206 49 45
207 200 21
207 161 41
207 192 3
208 49 47
208 75 25
208 7 41
209 15 -4
209 50 10
209 73 -4
210 142 -1
210 173 24
210 96 43
211 227 39
211 150 9
211 163 -3
212 174 42
212 69 -2
212 226 -10
213 69 46
213 216 -2
213 211 0
214 222 24
214 107 22
214 197 1
215 171 24
215 48 0
215 208 1
216 102 -6
216 217 12
216 192 31
217 67 14
217 86 18
217 175 -1
218 91 28
218 37 16
218 43 38
219 52 4
219 161 29
219 72 47
220 92 -3
220 212 -8
220 6 27
221 56 48
221 67 32
221 235 -9
222 139 27
222 200 49
222 210 0
223 38 39
223 180 36
223 155 -9
224 3 15
224 94 29
224 187 33
225 32 35
225 201 -4
225 180 0
226 138 10
226 137 44
226 10 -7
227 164 36
227 169 39
227 199 -5
228 55 30
228 155 14
228 105 45
229 69 46
229 109 44
229 33 -5
230 81 -2
230 31 9
230 77 12
231 182 12
231 82 0
231 76 1
232 87 30
232 109 12
232 76 9
233 56 10
233 212 1
233 230 18
234 219 19
234 69 41
234 152 39
235 169 41
235 140 48
235 226 30
236 31 17
236 70 48
236 217 33
237 5 23
237 79 2
237 110 21
238 27 16
238 125 11
238 211 16
239 242 -3
239 132 38
239 71 18
240 47 -2
240 198 32
240 36 -9
241 124 5
241 175 0
241 147 19
242 103 3
242 10 -10
242 4 50
243 154 -7
243 123 21
243 68 39