4 (0.005788500000000002, 0.004029900000000003)
5 (0.005913499999999988, 0.004741999999999996)
6 (0.0065821999999999825, 0.005682699999999985)
7 (0.007193300000000014, 0.004548799999999964)
8 (0.00839810000000002, 0.006288399999999972)
9 (0.015390299999999968, 0.005451099999999931)
10 (0.022883499999999946, 0.0057282999999999085)
11 (0.03858120000000009, 0.006168200000000068)
12 (0.07241269999999989, 0.010950799999999816)
13 (0.11290029999999973, 0.0076118000000002795)
14 (0.05839350000000021, 0.008829600000000326)
15 (0.04599149999999952, 0.009738599999999487)
16 (0.3906257000000002, 0.01460949999999972)
17 (0.4199220000000006, 0.020468899999999124)
18 (0.25506799999999963, 0.014831299999999104)
19 (0.0800572000000006, 0.016334899999998598)
20 (0.05606769999999983, 0.025112700000001098)
21 (0.5153037999999981, 0.027198800000000745)
22 (1.1129223999999986, 0.022982100000000116)
23 (0.25668800000000047, 0.04348219999999969)
24 (0.5407770999999997, 0.031545799999996404)
25 (2.0980585000000005, 0.040562600000001225)
26 (1.0926237999999984, 0.03768639999999834)
27 (0.5263506000000007, 0.044676299999999)
28 (2.2449841999999975, 0.06057119999999827)
29 (0.9727737999999988, 0.046768099999994206)
30 (1.008933099999993, 0.1289826000000005)
31 (3.313767299999995, 0.08785279999999318)
32 (4.440261100000001, 0.06291970000000902)
33 (0.6862788999999907, 0.08893300000002569)
34 (1.9028579999999806, 0.08899080000000481)
35 (2.97459139999998, 0.09608119999998621)
36 (8.808471700000013, 0.11115129999998885)
37 (13.793756699999989, 0.288666400000011)
38 (19.82402110000001, 0.14290040000000204)
39 (7.896843100000012, 0.10507059999997637)
40 (14.775489400000026, 0.11529179999996586)
