4 (0.007405099999999998, 0.005544099999999996)
5 (0.006705800000000012, 0.0077371000000000245)
6 (0.011138700000000001, 0.011217399999999988)
7 (0.026743899999999987, 0.017886199999999963)
8 (0.018503500000000006, 0.011070699999999878)
9 (0.013807000000000125, 0.007292799999999877)
10 (0.03250929999999985, 0.012038800000000016)
11 (0.061712699999999954, 0.00815530000000031)
12 (0.08026869999999997, 0.0074353000000000335)
13 (0.06344949999999994, 0.008201399999999914)
14 (0.059692200000000195, 0.008810900000000288)
15 (0.056380100000000155, 0.035157299999999836)
16 (0.16239509999999946, 0.011476599999999948)
17 (0.17081500000000016, 0.016149700000001488)
18 (0.12815630000000056, 0.019256900000000243)
19 (0.11407449999999919, 0.01659349999999904)
20 (0.07590859999999999, 0.01835349999999991)
21 (0.5160701999999979, 0.02119689999999963)
22 (0.8539199000000011, 0.03311979999999792)
23 (0.5226411999999989, 0.024344100000000424)
24 (0.7602280000000015, 0.04323940000000448)
25 (1.9221252000000035, 0.048148199999999974)
26 (1.6548116000000022, 0.07429059999999765)
27 (0.3329157000000009, 0.039835500000002355)
28 (1.5959853999999964, 0.08676619999999957)
29 (0.9787561999999923, 0.14599579999999435)
30 (1.7955208999999996, 0.1559750000000122)
31 (3.533089899999993, 0.06280950000000018)
32 (3.2490667, 0.061766399999996224)
33 (0.8184100999999941, 0.1068440000000237)
34 (2.424516699999998, 0.10265559999999141)
35 (3.787521400000003, 0.1014219000000196)
36 (8.369423299999994, 0.13857909999998697)
37 (14.61602769999999, 0.10136760000000322)
38 (20.500401099999976, 0.11530920000001288)
39 (9.412704099999985, 0.14175000000000182)
40 (14.760370099999989, 0.25227110000002995)
