27
  186 50 0 0
A 64 45 0 0
B 13 33 0 0
C 22 37 0 0
D 32 39 0 0
E 103 48 0 0
F 21 36 0 0
G 15 33 0 0
H 47 41 0 0
I 57 43 0 0
J 1 28 0 0
K 5 31 0 0
L 32 39 0 0
M 20 36 0 0
N 57 43 0 0
O 63 44 0 0
P 15 34 0 0
Q 1 28 0 0
R 48 42 0 0
S 51 42 0 0
T 80 46 0 0
U 23 37 0 0
V 8 32 0 0
W 18 35 0 0
X 1 29 0 0
Y 16 34 0 0
Z 1 29 0 0
  2 30 11 18
  2 30 25 27
  4 31 28 29
  9 32 30 12
  17 35 23 31
  28 38 3 8
  31 38 17 26
  35 40 32 24
  41 40 14 7
  45 41 4 22
  59 44 33 34
  64 45 5 13
  76 46 35 36
  92 47 37 9
  99 47 19 20
  114 48 10 15
  122 49 38 16
  128 49 2 39
  156 50 40 21
  191 51 41 42
  217 51 6 43
  250 52 44 45
  342 52 46 1
  408 53 47 48
  592 53 49 50
  1000 0 51 52
